  #0.0000000E+00  0.0000000E+00
  0.5000000E-02  0.1767634E+01
  0.1000000E-01  0.3233971E+01
  0.1500000E-01  0.4534893E+01
  0.2000000E-01  0.5707210E+01
  0.2500000E-01  0.6540450E+01
  0.3000000E-01  0.7176638E+01
  0.3500000E-01  0.7647657E+01
  0.4000000E-01  0.8026534E+01
  0.4500000E-01  0.8313869E+01
  0.5000000E-01  0.8561115E+01
  0.5500000E-01  0.8782892E+01
  0.6000000E-01  0.8969868E+01
  0.6500000E-01  0.9164450E+01
  0.7000000E-01  0.9320878E+01
  0.7500000E-01  0.9472021E+01
  0.8000000E-01  0.9614943E+01
  0.8500000E-01  0.9743920E+01
  0.9000000E-01  0.9857925E+01
  0.9500000E-01  0.9970209E+01
  0.1000000E+00  0.1009086E+02
  0.1050000E+00  0.1020643E+02
  0.1100000E+00  0.1031551E+02
  0.1150000E+00  0.1043238E+02
  0.1200000E+00  0.1054297E+02
  0.1250000E+00  0.1064083E+02
  0.1300000E+00  0.1072516E+02
  0.1350000E+00  0.1080704E+02
  0.1400000E+00  0.1088460E+02
  0.1450000E+00  0.1094654E+02
  0.1500000E+00  0.1099746E+02
  0.1550000E+00  0.1105348E+02
  0.1600000E+00  0.1111220E+02
  0.1650000E+00  0.1116340E+02
  0.1700000E+00  0.1122197E+02
  0.1750000E+00  0.1127822E+02
  0.1800000E+00  0.1133647E+02
  0.1850000E+00  0.1140553E+02
  0.1900000E+00  0.1146671E+02
  0.1950000E+00  0.1153041E+02
  0.2000000E+00  0.1159598E+02
  0.2050000E+00  0.1165835E+02
  0.2100000E+00  0.1172175E+02
  0.2150000E+00  0.1178350E+02
  0.2200000E+00  0.1184027E+02
  0.2250000E+00  0.1189345E+02
  0.2300000E+00  0.1195001E+02
  0.2350000E+00  0.1200297E+02
  0.2400000E+00  0.1205238E+02
  0.2450000E+00  0.1209741E+02
  0.2500000E+00  0.1213093E+02
  0.2550000E+00  0.1217421E+02
  0.2600000E+00  0.1220285E+02
  0.2650000E+00  0.1222616E+02
  0.2700000E+00  0.1225136E+02
  0.2750000E+00  0.1227871E+02
  0.2800000E+00  0.1230596E+02
  0.2850000E+00  0.1233102E+02
  0.2900000E+00  0.1235865E+02
  0.2950000E+00  0.1238904E+02
  0.3000000E+00  0.1241428E+02
  0.3050000E+00  0.1244333E+02
  0.3100000E+00  0.1247304E+02
  0.3150000E+00  0.1250587E+02
  0.3200000E+00  0.1253361E+02
  0.3250000E+00  0.1256813E+02
  0.3300000E+00  0.1260251E+02
  0.3350000E+00  0.1264262E+02
  0.3400000E+00  0.1267659E+02
  0.3450000E+00  0.1271838E+02
  0.3500000E+00  0.1275024E+02
  0.3550000E+00  0.1278218E+02
  0.3600000E+00  0.1280441E+02
  0.3650000E+00  0.1282756E+02
  0.3700000E+00  0.1285373E+02
  0.3750000E+00  0.1287230E+02
  0.3800000E+00  0.1289825E+02
  0.3850000E+00  0.1291905E+02
  0.3900000E+00  0.1293849E+02
  0.3950000E+00  0.1296109E+02
  0.4000000E+00  0.1298287E+02
  0.4050000E+00  0.1300064E+02
  0.4100000E+00  0.1301987E+02
  0.4150000E+00  0.1303499E+02
  0.4200000E+00  0.1305389E+02
  0.4250000E+00  0.1307430E+02
  0.4300000E+00  0.1309317E+02
  0.4350000E+00  0.1311644E+02
  0.4400000E+00  0.1313262E+02
  0.4450000E+00  0.1315026E+02
  0.4500000E+00  0.1316505E+02
  0.4550000E+00  0.1318169E+02
  0.4600000E+00  0.1319865E+02
  0.4650000E+00  0.1321541E+02
  0.4700000E+00  0.1323644E+02
  0.4750000E+00  0.1325377E+02
  0.4800000E+00  0.1327253E+02
  0.4850000E+00  0.1329173E+02
  0.4900000E+00  0.1330877E+02
  0.4950000E+00  0.1332292E+02
  0.5000000E+00  0.1333773E+02
  0.5050000E+00  0.1335069E+02
  0.5100000E+00  0.1336485E+02
  0.5150000E+00  0.1337868E+02
  0.5200000E+00  0.1338985E+02
  0.5250000E+00  0.1340214E+02
  0.5300000E+00  0.1341842E+02
  0.5350000E+00  0.1343232E+02
  0.5400000E+00  0.1344864E+02
  0.5450000E+00  0.1346240E+02
  0.5500000E+00  0.1347859E+02
  0.5550000E+00  0.1349599E+02
  0.5600000E+00  0.1351039E+02
  0.5650000E+00  0.1352864E+02
  0.5700000E+00  0.1354379E+02
  0.5750000E+00  0.1355881E+02
  0.5800000E+00  0.1357466E+02
  0.5850000E+00  0.1358969E+02
  0.5900000E+00  0.1360623E+02
  0.5950000E+00  0.1362522E+02
  0.6000000E+00  0.1364060E+02
  0.6050000E+00  0.1365551E+02
  0.6100000E+00  0.1367422E+02
  0.6150000E+00  0.1369280E+02
  0.6200000E+00  0.1370961E+02
  0.6250000E+00  0.1372734E+02
  0.6300000E+00  0.1375173E+02
  0.6350000E+00  0.1376857E+02
  0.6400000E+00  0.1378664E+02
  0.6450000E+00  0.1380758E+02
  0.6500000E+00  0.1382499E+02
  0.6550000E+00  0.1384017E+02
  0.6600000E+00  0.1385164E+02
  0.6650000E+00  0.1386473E+02
  0.6700000E+00  0.1387649E+02
  0.6750000E+00  0.1388457E+02
  0.6800000E+00  0.1389578E+02
  0.6850000E+00  0.1390611E+02
  0.6900000E+00  0.1391818E+02
  0.6950000E+00  0.1392821E+02
  0.7000000E+00  0.1393946E+02
  0.7050000E+00  0.1395445E+02
  0.7100000E+00  0.1397038E+02
  0.7150000E+00  0.1398895E+02
  0.7200000E+00  0.1400680E+02
  0.7250000E+00  0.1402461E+02
  0.7300000E+00  0.1404591E+02
  0.7350000E+00  0.1406590E+02
  0.7400000E+00  0.1408937E+02
  0.7450000E+00  0.1410651E+02
  0.7500000E+00  0.1412547E+02
  0.7550000E+00  0.1414445E+02
  0.7600000E+00  0.1416455E+02
  0.7650000E+00  0.1418116E+02
  0.7700000E+00  0.1419897E+02
  0.7750000E+00  0.1421783E+02
  0.7800000E+00  0.1423504E+02
  0.7850000E+00  0.1425312E+02
  0.7900000E+00  0.1426859E+02
  0.7950000E+00  0.1428652E+02
  0.8000000E+00  0.1430046E+02
  0.8050000E+00  0.1431457E+02
  0.8100000E+00  0.1432772E+02
  0.8150000E+00  0.1434244E+02
  0.8200000E+00  0.1435293E+02
  0.8250000E+00  0.1436404E+02
  0.8300000E+00  0.1437372E+02
  0.8350000E+00  0.1438495E+02
  0.8400000E+00  0.1439355E+02
  0.8450000E+00  0.1440601E+02
  0.8500000E+00  0.1441411E+02
  0.8550000E+00  0.1442293E+02
  0.8600000E+00  0.1442912E+02
  0.8650000E+00  0.1443931E+02
  0.8700000E+00  0.1444508E+02
  0.8750000E+00  0.1445305E+02
  0.8800000E+00  0.1446448E+02
  0.8850000E+00  0.1447602E+02
  0.8900000E+00  0.1448663E+02
  0.8950000E+00  0.1449960E+02
  0.9000000E+00  0.1451146E+02
  0.9050000E+00  0.1452296E+02
  0.9100000E+00  0.1453765E+02
  0.9150000E+00  0.1454946E+02
  0.9200000E+00  0.1456082E+02
  0.9250000E+00  0.1456863E+02
  0.9300000E+00  0.1457221E+02
  0.9350000E+00  0.1458015E+02
  0.9400000E+00  0.1458493E+02
  0.9450000E+00  0.1459163E+02
  0.9500000E+00  0.1459544E+02
  0.9550000E+00  0.1459920E+02
  0.9600000E+00  0.1460165E+02
  0.9650000E+00  0.1460569E+02
  0.9700000E+00  0.1460338E+02
  0.9750000E+00  0.1460315E+02
  0.9800000E+00  0.1460125E+02
  0.9850000E+00  0.1460136E+02
  0.9900000E+00  0.1460019E+02
  0.9950000E+00  0.1459861E+02
  0.1000000E+01  0.1460020E+02
  0.1005000E+01  0.1460391E+02
  0.1010000E+01  0.1460925E+02
  0.1015000E+01  0.1460753E+02
  0.1020000E+01  0.1460762E+02
  0.1025000E+01  0.1460829E+02
  0.1030000E+01  0.1460935E+02
  0.1035000E+01  0.1461038E+02
  0.1040000E+01  0.1460605E+02
  0.1045000E+01  0.1460333E+02
  0.1050000E+01  0.1460460E+02
  0.1055000E+01  0.1460013E+02
  0.1060000E+01  0.1459390E+02
  0.1065000E+01  0.1458781E+02
  0.1070000E+01  0.1458069E+02
  0.1075000E+01  0.1457341E+02
  0.1080000E+01  0.1456746E+02
  0.1085000E+01  0.1455734E+02
  0.1090000E+01  0.1454874E+02
  0.1095000E+01  0.1454032E+02
  0.1100000E+01  0.1453212E+02
  0.1105000E+01  0.1452171E+02
  0.1110000E+01  0.1451291E+02
  0.1115000E+01  0.1450413E+02
  0.1120000E+01  0.1449813E+02
  0.1125000E+01  0.1448420E+02
  0.1130000E+01  0.1447857E+02
  0.1135000E+01  0.1447087E+02
  0.1140000E+01  0.1445810E+02
  0.1145000E+01  0.1444601E+02
  0.1150000E+01  0.1443676E+02
  0.1155000E+01  0.1442532E+02
  0.1160000E+01  0.1441454E+02
  0.1165000E+01  0.1440409E+02
  0.1170000E+01  0.1439240E+02
  0.1175000E+01  0.1438413E+02
  0.1180000E+01  0.1437365E+02
  0.1185000E+01  0.1436260E+02
  0.1190000E+01  0.1435245E+02
  0.1195000E+01  0.1434265E+02
  0.1200000E+01  0.1433136E+02
  0.1205000E+01  0.1431904E+02
  0.1210000E+01  0.1430648E+02
  0.1215000E+01  0.1429473E+02
  0.1220000E+01  0.1428283E+02
  0.1225000E+01  0.1426791E+02
  0.1230000E+01  0.1425149E+02
  0.1235000E+01  0.1423900E+02
  0.1240000E+01  0.1422299E+02
  0.1245000E+01  0.1420528E+02
  0.1250000E+01  0.1418402E+02
  0.1255000E+01  0.1416534E+02
  0.1260000E+01  0.1414550E+02
  0.1265000E+01  0.1412506E+02
  0.1270000E+01  0.1410496E+02
  0.1275000E+01  0.1408615E+02
  0.1280000E+01  0.1406953E+02
  0.1285000E+01  0.1405006E+02
  0.1290000E+01  0.1403102E+02
  0.1295000E+01  0.1401383E+02
  0.1300000E+01  0.1399111E+02
  0.1305000E+01  0.1397311E+02
  0.1310000E+01  0.1395339E+02
  0.1315000E+01  0.1393687E+02
  0.1320000E+01  0.1391763E+02
  0.1325000E+01  0.1389928E+02
  0.1330000E+01  0.1388015E+02
  0.1335000E+01  0.1386251E+02
  0.1340000E+01  0.1384511E+02
  0.1345000E+01  0.1382887E+02
  0.1350000E+01  0.1381133E+02
  0.1355000E+01  0.1379395E+02
  0.1360000E+01  0.1378166E+02
  0.1365000E+01  0.1376414E+02
  0.1370000E+01  0.1375088E+02
  0.1375000E+01  0.1373603E+02
  0.1380000E+01  0.1371848E+02
  0.1385000E+01  0.1370132E+02
  0.1390000E+01  0.1368012E+02
  0.1395000E+01  0.1365972E+02
  0.1400000E+01  0.1364287E+02
  0.1405000E+01  0.1362631E+02
  0.1410000E+01  0.1360483E+02
  0.1415000E+01  0.1358735E+02
  0.1420000E+01  0.1357154E+02
  0.1425000E+01  0.1355107E+02
  0.1430000E+01  0.1353758E+02
  0.1435000E+01  0.1351704E+02
  0.1440000E+01  0.1349994E+02
  0.1445000E+01  0.1348359E+02
  0.1450000E+01  0.1347072E+02
  0.1455000E+01  0.1346399E+02
  0.1460000E+01  0.1345575E+02
  0.1465000E+01  0.1344514E+02
  0.1470000E+01  0.1343696E+02
  0.1475000E+01  0.1342925E+02
  0.1480000E+01  0.1341772E+02
  0.1485000E+01  0.1340420E+02
  0.1490000E+01  0.1338996E+02
  0.1495000E+01  0.1337720E+02
  0.1500000E+01  0.1336444E+02
  0.1505000E+01  0.1335138E+02
  0.1510000E+01  0.1333901E+02
  0.1515000E+01  0.1332279E+02
  0.1520000E+01  0.1330680E+02
  0.1525000E+01  0.1328996E+02
  0.1530000E+01  0.1327149E+02
  0.1535000E+01  0.1324845E+02
  0.1540000E+01  0.1322669E+02
  0.1545000E+01  0.1319741E+02
  0.1550000E+01  0.1317021E+02
  0.1555000E+01  0.1314515E+02
  0.1560000E+01  0.1311801E+02
  0.1565000E+01  0.1309132E+02
  0.1570000E+01  0.1306015E+02
  0.1575000E+01  0.1303903E+02
  0.1580000E+01  0.1301218E+02
  0.1585000E+01  0.1299021E+02
  0.1590000E+01  0.1296855E+02
  0.1595000E+01  0.1294091E+02
  0.1600000E+01  0.1292238E+02
  0.1605000E+01  0.1290299E+02
  0.1610000E+01  0.1287721E+02
  0.1615000E+01  0.1285720E+02
  0.1620000E+01  0.1282958E+02
  0.1625000E+01  0.1280458E+02
  0.1630000E+01  0.1277665E+02
  0.1635000E+01  0.1275414E+02
  0.1640000E+01  0.1272620E+02
  0.1645000E+01  0.1269820E+02
  0.1650000E+01  0.1267365E+02
  0.1655000E+01  0.1264443E+02
  0.1660000E+01  0.1262337E+02
  0.1665000E+01  0.1259898E+02
  0.1670000E+01  0.1258270E+02
  0.1675000E+01  0.1256597E+02
  0.1680000E+01  0.1253424E+02
  0.1685000E+01  0.1250171E+02
  0.1690000E+01  0.1247544E+02
  0.1695000E+01  0.1244222E+02
  0.1700000E+01  0.1241070E+02
  0.1705000E+01  0.1238386E+02
  0.1710000E+01  0.1234848E+02
  0.1715000E+01  0.1231640E+02
  0.1720000E+01  0.1228631E+02
  0.1725000E+01  0.1225431E+02
  0.1730000E+01  0.1222291E+02
  0.1735000E+01  0.1218840E+02
  0.1740000E+01  0.1214893E+02
  0.1745000E+01  0.1210192E+02
  0.1750000E+01  0.1205821E+02
  0.1755000E+01  0.1201098E+02
  0.1760000E+01  0.1195823E+02
  0.1765000E+01  0.1191578E+02
  0.1770000E+01  0.1187224E+02
  0.1775000E+01  0.1183230E+02
  0.1780000E+01  0.1179026E+02
  0.1785000E+01  0.1175282E+02
  0.1790000E+01  0.1170699E+02
  0.1795000E+01  0.1165623E+02
  0.1800000E+01  0.1160615E+02
  0.1805000E+01  0.1154756E+02
  0.1810000E+01  0.1149326E+02
  0.1815000E+01  0.1143564E+02
  0.1820000E+01  0.1136623E+02
  0.1825000E+01  0.1129689E+02
  0.1830000E+01  0.1122381E+02
  0.1835000E+01  0.1116075E+02
  0.1840000E+01  0.1109923E+02
  0.1845000E+01  0.1102221E+02
  0.1850000E+01  0.1096033E+02
  0.1855000E+01  0.1089159E+02
  0.1860000E+01  0.1081828E+02
  0.1865000E+01  0.1073207E+02
  0.1870000E+01  0.1064064E+02
  0.1875000E+01  0.1056126E+02
  0.1880000E+01  0.1045450E+02
  0.1885000E+01  0.1035644E+02
  0.1890000E+01  0.1027093E+02
  0.1895000E+01  0.1017510E+02
  0.1900000E+01  0.1008172E+02
  0.1905000E+01  0.9976140E+01
  0.1910000E+01  0.9867792E+01
  0.1915000E+01  0.9747618E+01
  0.1920000E+01  0.9608549E+01
  0.1925000E+01  0.9457509E+01
  0.1930000E+01  0.9279232E+01
  0.1935000E+01  0.9106027E+01
  0.1940000E+01  0.8919094E+01
  0.1945000E+01  0.8679213E+01
  0.1950000E+01  0.8448161E+01
  0.1955000E+01  0.8193802E+01
  0.1960000E+01  0.7893194E+01
  0.1965000E+01  0.7535070E+01
  0.1970000E+01  0.7083076E+01
  0.1975000E+01  0.6485834E+01
  0.1980000E+01  0.5660727E+01
  0.1985000E+01  0.4512738E+01
  0.1990000E+01  0.3221816E+01
  0.1995000E+01  0.1614962E+01
  #0.2000000E+01  0.0000000E+00
