  0.0000000E+00  0.0000000E+00
  0.5000000E-02  0.2170539E+01
  0.1000000E-01  0.3535518E+01
  0.1500000E-01  0.5414487E+01
  0.2000000E-01  0.6992299E+01
  0.2500000E-01  0.8293203E+01
  0.3000000E-01  0.9459784E+01
  0.3500000E-01  0.1039917E+02
  0.4000000E-01  0.1113969E+02
  0.4500000E-01  0.1175044E+02
  0.5000000E-01  0.1216941E+02
  0.5500000E-01  0.1253570E+02
  0.6000000E-01  0.1285397E+02
  0.6500000E-01  0.1310953E+02
  0.7000000E-01  0.1327929E+02
  0.7500000E-01  0.1345869E+02
  0.8000000E-01  0.1365059E+02
  0.8500000E-01  0.1382515E+02
  0.9000000E-01  0.1401814E+02
  0.9500000E-01  0.1419185E+02
  0.1000000E+00  0.1438513E+02
  0.1050000E+00  0.1454413E+02
  0.1100000E+00  0.1470462E+02
  0.1150000E+00  0.1485295E+02
  0.1200000E+00  0.1496094E+02
  0.1250000E+00  0.1506492E+02
  0.1300000E+00  0.1516530E+02
  0.1350000E+00  0.1526422E+02
  0.1400000E+00  0.1531702E+02
  0.1450000E+00  0.1540613E+02
  0.1500000E+00  0.1552220E+02
  0.1550000E+00  0.1560748E+02
  0.1600000E+00  0.1568646E+02
  0.1650000E+00  0.1576238E+02
  0.1700000E+00  0.1586130E+02
  0.1750000E+00  0.1595455E+02
  0.1800000E+00  0.1604058E+02
  0.1850000E+00  0.1611861E+02
  0.1900000E+00  0.1621994E+02
  0.1950000E+00  0.1629422E+02
  0.2000000E+00  0.1636103E+02
  0.2050000E+00  0.1640911E+02
  0.2100000E+00  0.1644689E+02
  0.2150000E+00  0.1646755E+02
  0.2200000E+00  0.1647421E+02
  0.2250000E+00  0.1650457E+02
  0.2300000E+00  0.1651573E+02
  0.2350000E+00  0.1655821E+02
  0.2400000E+00  0.1659813E+02
  0.2450000E+00  0.1665900E+02
  0.2500000E+00  0.1673743E+02
  0.2550000E+00  0.1679533E+02
  0.2600000E+00  0.1686798E+02
  0.2650000E+00  0.1692110E+02
  0.2700000E+00  0.1699109E+02
  0.2750000E+00  0.1705511E+02
  0.2800000E+00  0.1710592E+02
  0.2850000E+00  0.1715214E+02
  0.2900000E+00  0.1719830E+02
  0.2950000E+00  0.1723084E+02
  0.3000000E+00  0.1728382E+02
  0.3050000E+00  0.1734647E+02
  0.3100000E+00  0.1740092E+02
  0.3150000E+00  0.1743371E+02
  0.3200000E+00  0.1748408E+02
  0.3250000E+00  0.1752721E+02
  0.3300000E+00  0.1756839E+02
  0.3350000E+00  0.1761929E+02
  0.3400000E+00  0.1766014E+02
  0.3450000E+00  0.1770740E+02
  0.3500000E+00  0.1774743E+02
  0.3550000E+00  0.1777986E+02
  0.3600000E+00  0.1781676E+02
  0.3650000E+00  0.1784260E+02
  0.3700000E+00  0.1789254E+02
  0.3750000E+00  0.1792447E+02
  0.3800000E+00  0.1797703E+02
  0.3850000E+00  0.1801995E+02
  0.3900000E+00  0.1805762E+02
  0.3950000E+00  0.1809408E+02
  0.4000000E+00  0.1811962E+02
  0.4050000E+00  0.1814856E+02
  0.4100000E+00  0.1818341E+02
  0.4150000E+00  0.1821444E+02
  0.4200000E+00  0.1823723E+02
  0.4250000E+00  0.1826612E+02
  0.4300000E+00  0.1829212E+02
  0.4350000E+00  0.1831477E+02
  0.4400000E+00  0.1834579E+02
  0.4450000E+00  0.1836118E+02
  0.4500000E+00  0.1838968E+02
  0.4550000E+00  0.1838900E+02
  0.4600000E+00  0.1840758E+02
  0.4650000E+00  0.1840486E+02
  0.4700000E+00  0.1841044E+02
  0.4750000E+00  0.1841506E+02
  0.4800000E+00  0.1840810E+02
  0.4850000E+00  0.1840529E+02
  0.4900000E+00  0.1839937E+02
  0.4950000E+00  0.1838465E+02
  0.5000000E+00  0.1838156E+02
  0.5050000E+00  0.1837661E+02
  0.5100000E+00  0.1837850E+02
  0.5150000E+00  0.1837865E+02
  0.5200000E+00  0.1838954E+02
  0.5250000E+00  0.1839503E+02
  0.5300000E+00  0.1840593E+02
  0.5350000E+00  0.1841431E+02
  0.5400000E+00  0.1841728E+02
  0.5450000E+00  0.1843559E+02
  0.5500000E+00  0.1843912E+02
  0.5550000E+00  0.1845777E+02
  0.5600000E+00  0.1848300E+02
  0.5650000E+00  0.1851240E+02
  0.5700000E+00  0.1854861E+02
  0.5750000E+00  0.1859725E+02
  0.5800000E+00  0.1865443E+02
  0.5850000E+00  0.1869664E+02
  0.5900000E+00  0.1874631E+02
  0.5950000E+00  0.1879536E+02
  0.6000000E+00  0.1883887E+02
  0.6050000E+00  0.1887764E+02
  0.6100000E+00  0.1890746E+02
  0.6150000E+00  0.1893815E+02
  0.6200000E+00  0.1896392E+02
  0.6250000E+00  0.1898034E+02
  0.6300000E+00  0.1898975E+02
  0.6350000E+00  0.1900149E+02
  0.6400000E+00  0.1901217E+02
  0.6450000E+00  0.1902017E+02
  0.6500000E+00  0.1902456E+02
  0.6550000E+00  0.1903278E+02
  0.6600000E+00  0.1903320E+02
  0.6650000E+00  0.1903411E+02
  0.6700000E+00  0.1902691E+02
  0.6750000E+00  0.1901521E+02
  0.6800000E+00  0.1901488E+02
  0.6850000E+00  0.1900727E+02
  0.6900000E+00  0.1900922E+02
  0.6950000E+00  0.1900305E+02
  0.7000000E+00  0.1901890E+02
  0.7050000E+00  0.1903043E+02
  0.7100000E+00  0.1905019E+02
  0.7150000E+00  0.1907498E+02
  0.7200000E+00  0.1909785E+02
  0.7250000E+00  0.1912761E+02
  0.7300000E+00  0.1915054E+02
  0.7350000E+00  0.1916193E+02
  0.7400000E+00  0.1917857E+02
  0.7450000E+00  0.1919343E+02
  0.7500000E+00  0.1920274E+02
  0.7550000E+00  0.1920769E+02
  0.7600000E+00  0.1921630E+02
  0.7650000E+00  0.1922424E+02
  0.7700000E+00  0.1922673E+02
  0.7750000E+00  0.1923838E+02
  0.7800000E+00  0.1924349E+02
  0.7850000E+00  0.1925461E+02
  0.7900000E+00  0.1927193E+02
  0.7950000E+00  0.1928722E+02
  0.8000000E+00  0.1930597E+02
  0.8050000E+00  0.1931402E+02
  0.8100000E+00  0.1933004E+02
  0.8150000E+00  0.1934218E+02
  0.8200000E+00  0.1935593E+02
  0.8250000E+00  0.1936458E+02
  0.8300000E+00  0.1937378E+02
  0.8350000E+00  0.1938105E+02
  0.8400000E+00  0.1938254E+02
  0.8450000E+00  0.1939469E+02
  0.8500000E+00  0.1938907E+02
  0.8550000E+00  0.1939190E+02
  0.8600000E+00  0.1938993E+02
  0.8650000E+00  0.1939081E+02
  0.8700000E+00  0.1939147E+02
  0.8750000E+00  0.1939025E+02
  0.8800000E+00  0.1938921E+02
  0.8850000E+00  0.1938898E+02
  0.8900000E+00  0.1939512E+02
  0.8950000E+00  0.1939962E+02
  0.9000000E+00  0.1939934E+02
  0.9050000E+00  0.1940151E+02
  0.9100000E+00  0.1939064E+02
  0.9150000E+00  0.1938539E+02
  0.9200000E+00  0.1937181E+02
  0.9250000E+00  0.1936262E+02
  0.9300000E+00  0.1935457E+02
  0.9350000E+00  0.1933033E+02
  0.9400000E+00  0.1931743E+02
  0.9450000E+00  0.1930074E+02
  0.9500000E+00  0.1927951E+02
  0.9550000E+00  0.1927149E+02
  0.9600000E+00  0.1926050E+02
  0.9650000E+00  0.1924103E+02
  0.9700000E+00  0.1923244E+02
  0.9750000E+00  0.1921877E+02
  0.9800000E+00  0.1921468E+02
  0.9850000E+00  0.1920629E+02
  0.9900000E+00  0.1920104E+02
  0.9950000E+00  0.1919742E+02
  0.1000000E+01  0.1920354E+02
  0.1005000E+01  0.1919493E+02
  0.1010000E+01  0.1919817E+02
  0.1015000E+01  0.1919898E+02
  0.1020000E+01  0.1919811E+02
  0.1025000E+01  0.1920482E+02
  0.1030000E+01  0.1920369E+02
  0.1035000E+01  0.1920452E+02
  0.1040000E+01  0.1919979E+02
  0.1045000E+01  0.1919341E+02
  0.1050000E+01  0.1919625E+02
  0.1055000E+01  0.1918842E+02
  0.1060000E+01  0.1918091E+02
  0.1065000E+01  0.1917571E+02
  0.1070000E+01  0.1916288E+02
  0.1075000E+01  0.1916454E+02
  0.1080000E+01  0.1915136E+02
  0.1085000E+01  0.1915548E+02
  0.1090000E+01  0.1915621E+02
  0.1095000E+01  0.1916004E+02
  0.1100000E+01  0.1916373E+02
  0.1105000E+01  0.1919700E+02
  0.1110000E+01  0.1920201E+02
  0.1115000E+01  0.1921512E+02
  0.1120000E+01  0.1924081E+02
  0.1125000E+01  0.1928219E+02
  0.1130000E+01  0.1930194E+02
  0.1135000E+01  0.1932048E+02
  0.1140000E+01  0.1933366E+02
  0.1145000E+01  0.1934203E+02
  0.1150000E+01  0.1934636E+02
  0.1155000E+01  0.1935091E+02
  0.1160000E+01  0.1935230E+02
  0.1165000E+01  0.1936179E+02
  0.1170000E+01  0.1935505E+02
  0.1175000E+01  0.1935190E+02
  0.1180000E+01  0.1933730E+02
  0.1185000E+01  0.1932680E+02
  0.1190000E+01  0.1931273E+02
  0.1195000E+01  0.1930346E+02
  0.1200000E+01  0.1928507E+02
  0.1205000E+01  0.1927794E+02
  0.1210000E+01  0.1926871E+02
  0.1215000E+01  0.1925461E+02
  0.1220000E+01  0.1923970E+02
  0.1225000E+01  0.1921764E+02
  0.1230000E+01  0.1921345E+02
  0.1235000E+01  0.1919366E+02
  0.1240000E+01  0.1917965E+02
  0.1245000E+01  0.1917946E+02
  0.1250000E+01  0.1918542E+02
  0.1255000E+01  0.1919190E+02
  0.1260000E+01  0.1920629E+02
  0.1265000E+01  0.1921926E+02
  0.1270000E+01  0.1924658E+02
  0.1275000E+01  0.1924784E+02
  0.1280000E+01  0.1925889E+02
  0.1285000E+01  0.1926068E+02
  0.1290000E+01  0.1926054E+02
  0.1295000E+01  0.1926608E+02
  0.1300000E+01  0.1926415E+02
  0.1305000E+01  0.1924356E+02
  0.1310000E+01  0.1922706E+02
  0.1315000E+01  0.1922246E+02
  0.1320000E+01  0.1920266E+02
  0.1325000E+01  0.1919298E+02
  0.1330000E+01  0.1917507E+02
  0.1335000E+01  0.1917219E+02
  0.1340000E+01  0.1916195E+02
  0.1345000E+01  0.1913779E+02
  0.1350000E+01  0.1911960E+02
  0.1355000E+01  0.1910998E+02
  0.1360000E+01  0.1909933E+02
  0.1365000E+01  0.1906822E+02
  0.1370000E+01  0.1904921E+02
  0.1375000E+01  0.1902189E+02
  0.1380000E+01  0.1899515E+02
  0.1385000E+01  0.1896512E+02
  0.1390000E+01  0.1894464E+02
  0.1395000E+01  0.1889159E+02
  0.1400000E+01  0.1884327E+02
  0.1405000E+01  0.1880724E+02
  0.1410000E+01  0.1877979E+02
  0.1415000E+01  0.1873491E+02
  0.1420000E+01  0.1871215E+02
  0.1425000E+01  0.1868016E+02
  0.1430000E+01  0.1867204E+02
  0.1435000E+01  0.1864468E+02
  0.1440000E+01  0.1862055E+02
  0.1445000E+01  0.1860453E+02
  0.1450000E+01  0.1858789E+02
  0.1455000E+01  0.1856813E+02
  0.1460000E+01  0.1854576E+02
  0.1465000E+01  0.1850986E+02
  0.1470000E+01  0.1848730E+02
  0.1475000E+01  0.1845909E+02
  0.1480000E+01  0.1842378E+02
  0.1485000E+01  0.1839201E+02
  0.1490000E+01  0.1834841E+02
  0.1495000E+01  0.1831277E+02
  0.1500000E+01  0.1825352E+02
  0.1505000E+01  0.1821059E+02
  0.1510000E+01  0.1817318E+02
  0.1515000E+01  0.1812880E+02
  0.1520000E+01  0.1809851E+02
  0.1525000E+01  0.1805749E+02
  0.1530000E+01  0.1800356E+02
  0.1535000E+01  0.1796822E+02
  0.1540000E+01  0.1792792E+02
  0.1545000E+01  0.1790290E+02
  0.1550000E+01  0.1786566E+02
  0.1555000E+01  0.1785829E+02
  0.1560000E+01  0.1784769E+02
  0.1565000E+01  0.1783308E+02
  0.1570000E+01  0.1784473E+02
  0.1575000E+01  0.1784120E+02
  0.1580000E+01  0.1784279E+02
  0.1585000E+01  0.1784430E+02
  0.1590000E+01  0.1784239E+02
  0.1595000E+01  0.1784679E+02
  0.1600000E+01  0.1784168E+02
  0.1605000E+01  0.1783383E+02
  0.1610000E+01  0.1784260E+02
  0.1615000E+01  0.1783774E+02
  0.1620000E+01  0.1782132E+02
  0.1625000E+01  0.1781072E+02
  0.1630000E+01  0.1780952E+02
  0.1635000E+01  0.1778358E+02
  0.1640000E+01  0.1775126E+02
  0.1645000E+01  0.1771395E+02
  0.1650000E+01  0.1768133E+02
  0.1655000E+01  0.1761906E+02
  0.1660000E+01  0.1755751E+02
  0.1665000E+01  0.1749774E+02
  0.1670000E+01  0.1745440E+02
  0.1675000E+01  0.1740196E+02
  0.1680000E+01  0.1735372E+02
  0.1685000E+01  0.1730788E+02
  0.1690000E+01  0.1727789E+02
  0.1695000E+01  0.1721829E+02
  0.1700000E+01  0.1715697E+02
  0.1705000E+01  0.1710816E+02
  0.1710000E+01  0.1706035E+02
  0.1715000E+01  0.1700781E+02
  0.1720000E+01  0.1696649E+02
  0.1725000E+01  0.1691273E+02
  0.1730000E+01  0.1687912E+02
  0.1735000E+01  0.1684534E+02
  0.1740000E+01  0.1681106E+02
  0.1745000E+01  0.1676997E+02
  0.1750000E+01  0.1673535E+02
  0.1755000E+01  0.1669940E+02
  0.1760000E+01  0.1666387E+02
  0.1765000E+01  0.1662575E+02
  0.1770000E+01  0.1659984E+02
  0.1775000E+01  0.1657576E+02
  0.1780000E+01  0.1656253E+02
  0.1785000E+01  0.1654040E+02
  0.1790000E+01  0.1649080E+02
  0.1795000E+01  0.1645491E+02
  0.1800000E+01  0.1638457E+02
  0.1805000E+01  0.1633236E+02
  0.1810000E+01  0.1626223E+02
  0.1815000E+01  0.1619925E+02
  0.1820000E+01  0.1612197E+02
  0.1825000E+01  0.1606282E+02
  0.1830000E+01  0.1596704E+02
  0.1835000E+01  0.1586402E+02
  0.1840000E+01  0.1575630E+02
  0.1845000E+01  0.1562448E+02
  0.1850000E+01  0.1549024E+02
  0.1855000E+01  0.1536328E+02
  0.1860000E+01  0.1524386E+02
  0.1865000E+01  0.1509739E+02
  0.1870000E+01  0.1497483E+02
  0.1875000E+01  0.1483435E+02
  0.1880000E+01  0.1469881E+02
  0.1885000E+01  0.1455335E+02
  0.1890000E+01  0.1438118E+02
  0.1895000E+01  0.1423972E+02
  0.1900000E+01  0.1410966E+02
  0.1905000E+01  0.1396879E+02
  0.1910000E+01  0.1383389E+02
  0.1915000E+01  0.1370074E+02
  0.1920000E+01  0.1357898E+02
  0.1925000E+01  0.1342452E+02
  0.1930000E+01  0.1323107E+02
  0.1935000E+01  0.1305669E+02
  0.1940000E+01  0.1281375E+02
  0.1945000E+01  0.1255318E+02
  0.1950000E+01  0.1222536E+02
  0.1955000E+01  0.1175493E+02
  0.1960000E+01  0.1122578E+02
  0.1965000E+01  0.1044099E+02
  0.1970000E+01  0.9528117E+01
  0.1975000E+01  0.8469417E+01
  0.1980000E+01  0.7117331E+01
  0.1985000E+01  0.5504495E+01
  0.1990000E+01  0.3808282E+01
  0.1995000E+01  0.1821872E+01
  0.2000000E+01  0.0000000E+00
