  0.0000000E+00  0.0000000E+00
  0.5000000E-04  0.1043805E+00
  0.1000000E-03  0.2086566E+00
  0.1500000E-03  0.3126919E+00
  0.2000000E-03  0.4162384E+00
  0.2500000E-03  0.5189606E+00
  0.3000000E-03  0.6204671E+00
  0.3500000E-03  0.7203367E+00
  0.4000000E-03  0.8181463E+00
  0.4500000E-03  0.9134932E+00
  0.5000000E-03  0.1006014E+01
  0.5500000E-03  0.1095393E+01
  0.6000000E-03  0.1181374E+01
  0.6500000E-03  0.1263756E+01
  0.7000000E-03  0.1342399E+01
  0.7500000E-03  0.1417212E+01
  0.8000000E-03  0.1488152E+01
  0.8500000E-03  0.1555215E+01
  0.9000000E-03  0.1618428E+01
  0.9500000E-03  0.1677845E+01
  0.1000000E-02  0.1733544E+01
  0.1050000E-02  0.1785621E+01
  0.1100000E-02  0.1834186E+01
  0.1150000E-02  0.1879363E+01
  0.1200000E-02  0.1921287E+01
  0.1250000E-02  0.1960105E+01
  0.1300000E-02  0.1995973E+01
  0.1350000E-02  0.2029052E+01
  0.1400000E-02  0.2059513E+01
  0.1450000E-02  0.2087534E+01
  0.1500000E-02  0.2113297E+01
  0.1550000E-02  0.2136989E+01
  0.1600000E-02  0.2158796E+01
  0.1650000E-02  0.2178899E+01
  0.1700000E-02  0.2197476E+01
  0.1750000E-02  0.2214698E+01
  0.1800000E-02  0.2230722E+01
  0.1850000E-02  0.2245698E+01
  0.1900000E-02  0.2259757E+01
  0.1950000E-02  0.2273017E+01
  0.2000000E-02  0.2285585E+01
  0.2050000E-02  0.2297552E+01
  0.2100000E-02  0.2309000E+01
  0.2150000E-02  0.2320001E+01
  0.2200000E-02  0.2330614E+01
  0.2250000E-02  0.2340891E+01
  0.2300000E-02  0.2350874E+01
  0.2350000E-02  0.2360601E+01
  0.2400000E-02  0.2370101E+01
  0.2450000E-02  0.2379404E+01
  0.2500000E-02  0.2388529E+01
  0.2550000E-02  0.2397494E+01
  0.2600000E-02  0.2406311E+01
  0.2650000E-02  0.2414992E+01
  0.2700000E-02  0.2423545E+01
  0.2750000E-02  0.2431979E+01
  0.2800000E-02  0.2440300E+01
  0.2850000E-02  0.2448514E+01
  0.2900000E-02  0.2456628E+01
  0.2950000E-02  0.2464644E+01
  0.3000000E-02  0.2472568E+01
  0.3050000E-02  0.2480399E+01
  0.3100000E-02  0.2488139E+01
  0.3150000E-02  0.2495787E+01
  0.3200000E-02  0.2503340E+01
  0.3250000E-02  0.2510797E+01
  0.3300000E-02  0.2518153E+01
  0.3350000E-02  0.2525408E+01
  0.3400000E-02  0.2532560E+01
  0.3450000E-02  0.2539611E+01
  0.3500000E-02  0.2546562E+01
  0.3550000E-02  0.2553415E+01
  0.3600000E-02  0.2560172E+01
  0.3650000E-02  0.2566836E+01
  0.3700000E-02  0.2573407E+01
  0.3750000E-02  0.2579884E+01
  0.3800000E-02  0.2586265E+01
  0.3850000E-02  0.2592547E+01
  0.3900000E-02  0.2598732E+01
  0.3950000E-02  0.2604820E+01
  0.4000000E-02  0.2610812E+01
  0.4050000E-02  0.2616706E+01
  0.4100000E-02  0.2622504E+01
  0.4150000E-02  0.2628205E+01
  0.4200000E-02  0.2633812E+01
  0.4250000E-02  0.2639329E+01
  0.4300000E-02  0.2644759E+01
  0.4350000E-02  0.2650106E+01
  0.4400000E-02  0.2655375E+01
  0.4450000E-02  0.2660567E+01
  0.4500000E-02  0.2665687E+01
  0.4550000E-02  0.2670736E+01
  0.4600000E-02  0.2675716E+01
  0.4650000E-02  0.2680628E+01
  0.4700000E-02  0.2685471E+01
  0.4750000E-02  0.2690245E+01
  0.4800000E-02  0.2694950E+01
  0.4850000E-02  0.2699586E+01
  0.4900000E-02  0.2704158E+01
  0.4950000E-02  0.2708665E+01
  0.5000000E-02  0.2713109E+01
  0.5050000E-02  0.2717493E+01
  0.5100000E-02  0.2721818E+01
  0.5150000E-02  0.2726088E+01
  0.5200000E-02  0.2730307E+01
  0.5250000E-02  0.2734479E+01
  0.5300000E-02  0.2738604E+01
  0.5350000E-02  0.2742686E+01
  0.5400000E-02  0.2746724E+01
  0.5450000E-02  0.2750718E+01
  0.5500000E-02  0.2754669E+01
  0.5550000E-02  0.2758574E+01
  0.5600000E-02  0.2762435E+01
  0.5650000E-02  0.2766250E+01
  0.5700000E-02  0.2770020E+01
  0.5750000E-02  0.2773745E+01
  0.5800000E-02  0.2777427E+01
  0.5850000E-02  0.2781064E+01
  0.5900000E-02  0.2784658E+01
  0.5950000E-02  0.2788212E+01
  0.6000000E-02  0.2791724E+01
  0.6050000E-02  0.2795198E+01
  0.6100000E-02  0.2798636E+01
  0.6150000E-02  0.2802040E+01
  0.6200000E-02  0.2805410E+01
  0.6250000E-02  0.2808748E+01
  0.6300000E-02  0.2812053E+01
  0.6350000E-02  0.2815327E+01
  0.6400000E-02  0.2818570E+01
  0.6450000E-02  0.2821784E+01
  0.6500000E-02  0.2824972E+01
  0.6550000E-02  0.2828135E+01
  0.6600000E-02  0.2831274E+01
  0.6650000E-02  0.2834390E+01
  0.6700000E-02  0.2837486E+01
  0.6750000E-02  0.2840561E+01
  0.6800000E-02  0.2843615E+01
  0.6850000E-02  0.2846648E+01
  0.6900000E-02  0.2849659E+01
  0.6950000E-02  0.2852646E+01
  0.7000000E-02  0.2855611E+01
  0.7050000E-02  0.2858551E+01
  0.7100000E-02  0.2861468E+01
  0.7150000E-02  0.2864360E+01
  0.7200000E-02  0.2867229E+01
  0.7250000E-02  0.2870075E+01
  0.7300000E-02  0.2872898E+01
  0.7350000E-02  0.2875701E+01
  0.7400000E-02  0.2878482E+01
  0.7450000E-02  0.2881243E+01
  0.7500000E-02  0.2883984E+01
  0.7550000E-02  0.2886706E+01
  0.7600000E-02  0.2889409E+01
  0.7650000E-02  0.2892092E+01
  0.7700000E-02  0.2894756E+01
  0.7750000E-02  0.2897401E+01
  0.7800000E-02  0.2900027E+01
  0.7850000E-02  0.2902636E+01
  0.7900000E-02  0.2905226E+01
  0.7950000E-02  0.2907799E+01
  0.8000000E-02  0.2910353E+01
  0.8050000E-02  0.2912890E+01
  0.8100000E-02  0.2915409E+01
  0.8150000E-02  0.2917910E+01
  0.8200000E-02  0.2920391E+01
  0.8250000E-02  0.2922854E+01
  0.8300000E-02  0.2925301E+01
  0.8350000E-02  0.2927732E+01
  0.8400000E-02  0.2930147E+01
  0.8450000E-02  0.2932548E+01
  0.8500000E-02  0.2934933E+01
  0.8550000E-02  0.2937305E+01
  0.8600000E-02  0.2939662E+01
  0.8650000E-02  0.2942005E+01
  0.8700000E-02  0.2944332E+01
  0.8750000E-02  0.2946643E+01
  0.8800000E-02  0.2948935E+01
  0.8850000E-02  0.2951210E+01
  0.8900000E-02  0.2953467E+01
  0.8950000E-02  0.2955707E+01
  0.9000000E-02  0.2957932E+01
  0.9050000E-02  0.2960142E+01
  0.9100000E-02  0.2962335E+01
  0.9150000E-02  0.2964515E+01
  0.9200000E-02  0.2966680E+01
  0.9250000E-02  0.2968833E+01
  0.9300000E-02  0.2970973E+01
  0.9350000E-02  0.2973102E+01
  0.9400000E-02  0.2975220E+01
  0.9450000E-02  0.2977330E+01
  0.9500000E-02  0.2979432E+01
  0.9550000E-02  0.2981527E+01
  0.9600000E-02  0.2983617E+01
  0.9650000E-02  0.2985700E+01
  0.9700000E-02  0.2987777E+01
  0.9750000E-02  0.2989847E+01
  0.9800000E-02  0.2991911E+01
  0.9850000E-02  0.2993967E+01
  0.9900000E-02  0.2996014E+01
  0.9950000E-02  0.2998050E+01
  0.1000000E-01  0.3000075E+01
  0.1005000E-01  0.3002087E+01
  0.1010000E-01  0.3004089E+01
  0.1015000E-01  0.3006079E+01
  0.1020000E-01  0.3008060E+01
  0.1025000E-01  0.3010030E+01
  0.1030000E-01  0.3011988E+01
  0.1035000E-01  0.3013933E+01
  0.1040000E-01  0.3015863E+01
  0.1045000E-01  0.3017775E+01
  0.1050000E-01  0.3019672E+01
  0.1055000E-01  0.3021553E+01
  0.1060000E-01  0.3023419E+01
  0.1065000E-01  0.3025270E+01
  0.1070000E-01  0.3027106E+01
  0.1075000E-01  0.3028926E+01
  0.1080000E-01  0.3030731E+01
  0.1085000E-01  0.3032521E+01
  0.1090000E-01  0.3034297E+01
  0.1095000E-01  0.3036060E+01
  0.1100000E-01  0.3037809E+01
  0.1105000E-01  0.3039547E+01
  0.1110000E-01  0.3041274E+01
  0.1115000E-01  0.3042990E+01
  0.1120000E-01  0.3044695E+01
  0.1125000E-01  0.3046389E+01
  0.1130000E-01  0.3048074E+01
  0.1135000E-01  0.3049751E+01
  0.1140000E-01  0.3051421E+01
  0.1145000E-01  0.3053084E+01
  0.1150000E-01  0.3054741E+01
  0.1155000E-01  0.3056394E+01
  0.1160000E-01  0.3058041E+01
  0.1165000E-01  0.3059684E+01
  0.1170000E-01  0.3061323E+01
  0.1175000E-01  0.3062955E+01
  0.1180000E-01  0.3064582E+01
  0.1185000E-01  0.3066202E+01
  0.1190000E-01  0.3067818E+01
  0.1195000E-01  0.3069429E+01
  0.1200000E-01  0.3071035E+01
  0.1205000E-01  0.3072635E+01
  0.1210000E-01  0.3074226E+01
  0.1215000E-01  0.3075806E+01
  0.1220000E-01  0.3077374E+01
  0.1225000E-01  0.3078930E+01
  0.1230000E-01  0.3080474E+01
  0.1235000E-01  0.3082006E+01
  0.1240000E-01  0.3083527E+01
  0.1245000E-01  0.3085038E+01
  0.1250000E-01  0.3086540E+01
  0.1255000E-01  0.3088031E+01
  0.1260000E-01  0.3089513E+01
  0.1265000E-01  0.3090986E+01
  0.1270000E-01  0.3092450E+01
  0.1275000E-01  0.3093906E+01
  0.1280000E-01  0.3095355E+01
  0.1285000E-01  0.3096797E+01
  0.1290000E-01  0.3098232E+01
  0.1295000E-01  0.3099661E+01
  0.1300000E-01  0.3101083E+01
  0.1305000E-01  0.3102498E+01
  0.1310000E-01  0.3103904E+01
  0.1315000E-01  0.3105302E+01
  0.1320000E-01  0.3106692E+01
  0.1325000E-01  0.3108075E+01
  0.1330000E-01  0.3109450E+01
  0.1335000E-01  0.3110817E+01
  0.1340000E-01  0.3112176E+01
  0.1345000E-01  0.3113528E+01
  0.1350000E-01  0.3114872E+01
  0.1355000E-01  0.3116209E+01
  0.1360000E-01  0.3117539E+01
  0.1365000E-01  0.3118863E+01
  0.1370000E-01  0.3120181E+01
  0.1375000E-01  0.3121494E+01
  0.1380000E-01  0.3122802E+01
  0.1385000E-01  0.3124107E+01
  0.1390000E-01  0.3125409E+01
  0.1395000E-01  0.3126707E+01
  0.1400000E-01  0.3128002E+01
  0.1405000E-01  0.3129294E+01
  0.1410000E-01  0.3130584E+01
  0.1415000E-01  0.3131870E+01
  0.1420000E-01  0.3133155E+01
  0.1425000E-01  0.3134436E+01
  0.1430000E-01  0.3135714E+01
  0.1435000E-01  0.3136987E+01
  0.1440000E-01  0.3138258E+01
  0.1445000E-01  0.3139525E+01
  0.1450000E-01  0.3140787E+01
  0.1455000E-01  0.3142045E+01
  0.1460000E-01  0.3143298E+01
  0.1465000E-01  0.3144548E+01
  0.1470000E-01  0.3145794E+01
  0.1475000E-01  0.3147039E+01
  0.1480000E-01  0.3148282E+01
  0.1485000E-01  0.3149522E+01
  0.1490000E-01  0.3150761E+01
  0.1495000E-01  0.3151999E+01
  0.1500000E-01  0.3153236E+01
  0.1505000E-01  0.3154472E+01
  0.1510000E-01  0.3155707E+01
  0.1515000E-01  0.3156940E+01
  0.1520000E-01  0.3158170E+01
  0.1525000E-01  0.3159397E+01
  0.1530000E-01  0.3160620E+01
  0.1535000E-01  0.3161838E+01
  0.1540000E-01  0.3163053E+01
  0.1545000E-01  0.3164266E+01
  0.1550000E-01  0.3165476E+01
  0.1555000E-01  0.3166685E+01
  0.1560000E-01  0.3167892E+01
  0.1565000E-01  0.3169096E+01
  0.1570000E-01  0.3170299E+01
  0.1575000E-01  0.3171498E+01
  0.1580000E-01  0.3172693E+01
  0.1585000E-01  0.3173882E+01
  0.1590000E-01  0.3175066E+01
  0.1595000E-01  0.3176243E+01
  0.1600000E-01  0.3177413E+01
  0.1605000E-01  0.3178578E+01
  0.1610000E-01  0.3179737E+01
  0.1615000E-01  0.3180890E+01
  0.1620000E-01  0.3182038E+01
  0.1625000E-01  0.3183179E+01
  0.1630000E-01  0.3184314E+01
  0.1635000E-01  0.3185443E+01
  0.1640000E-01  0.3186564E+01
  0.1645000E-01  0.3187679E+01
  0.1650000E-01  0.3188787E+01
  0.1655000E-01  0.3189891E+01
  0.1660000E-01  0.3190989E+01
  0.1665000E-01  0.3192083E+01
  0.1670000E-01  0.3193173E+01
  0.1675000E-01  0.3194257E+01
  0.1680000E-01  0.3195335E+01
  0.1685000E-01  0.3196406E+01
  0.1690000E-01  0.3197471E+01
  0.1695000E-01  0.3198529E+01
  0.1700000E-01  0.3199583E+01
  0.1705000E-01  0.3200633E+01
  0.1710000E-01  0.3201679E+01
  0.1715000E-01  0.3202721E+01
  0.1720000E-01  0.3203761E+01
  0.1725000E-01  0.3204799E+01
  0.1730000E-01  0.3205834E+01
  0.1735000E-01  0.3206867E+01
  0.1740000E-01  0.3207898E+01
  0.1745000E-01  0.3208926E+01
  0.1750000E-01  0.3209952E+01
  0.1755000E-01  0.3210975E+01
  0.1760000E-01  0.3211996E+01
  0.1765000E-01  0.3213013E+01
  0.1770000E-01  0.3214028E+01
  0.1775000E-01  0.3215039E+01
  0.1780000E-01  0.3216047E+01
  0.1785000E-01  0.3217051E+01
  0.1790000E-01  0.3218052E+01
  0.1795000E-01  0.3219049E+01
  0.1800000E-01  0.3220042E+01
  0.1805000E-01  0.3221031E+01
  0.1810000E-01  0.3222017E+01
  0.1815000E-01  0.3223000E+01
  0.1820000E-01  0.3223979E+01
  0.1825000E-01  0.3224955E+01
  0.1830000E-01  0.3225929E+01
  0.1835000E-01  0.3226901E+01
  0.1840000E-01  0.3227870E+01
  0.1845000E-01  0.3228837E+01
  0.1850000E-01  0.3229802E+01
  0.1855000E-01  0.3230763E+01
  0.1860000E-01  0.3231723E+01
  0.1865000E-01  0.3232679E+01
  0.1870000E-01  0.3233634E+01
  0.1875000E-01  0.3234586E+01
  0.1880000E-01  0.3235536E+01
  0.1885000E-01  0.3236483E+01
  0.1890000E-01  0.3237428E+01
  0.1895000E-01  0.3238370E+01
  0.1900000E-01  0.3239307E+01
  0.1905000E-01  0.3240241E+01
  0.1910000E-01  0.3241169E+01
  0.1915000E-01  0.3242093E+01
  0.1920000E-01  0.3243011E+01
  0.1925000E-01  0.3243924E+01
  0.1930000E-01  0.3244831E+01
  0.1935000E-01  0.3245733E+01
  0.1940000E-01  0.3246628E+01
  0.1945000E-01  0.3247518E+01
  0.1950000E-01  0.3248402E+01
  0.1955000E-01  0.3249281E+01
  0.1960000E-01  0.3250155E+01
  0.1965000E-01  0.3251023E+01
  0.1970000E-01  0.3251884E+01
  0.1975000E-01  0.3252739E+01
  0.1980000E-01  0.3253588E+01
  0.1985000E-01  0.3254431E+01
  0.1990000E-01  0.3255268E+01
  0.1995000E-01  0.3256099E+01
  0.2000000E-01  0.3256923E+01
  0.2005000E-01  0.3257742E+01
  0.2010000E-01  0.3258555E+01
  0.2015000E-01  0.3259364E+01
  0.2020000E-01  0.3260168E+01
  0.2025000E-01  0.3260967E+01
  0.2030000E-01  0.3261763E+01
  0.2035000E-01  0.3262554E+01
  0.2040000E-01  0.3263341E+01
  0.2045000E-01  0.3264123E+01
  0.2050000E-01  0.3264901E+01
  0.2055000E-01  0.3265674E+01
  0.2060000E-01  0.3266444E+01
  0.2065000E-01  0.3267210E+01
  0.2070000E-01  0.3267972E+01
  0.2075000E-01  0.3268732E+01
  0.2080000E-01  0.3269490E+01
  0.2085000E-01  0.3270247E+01
  0.2090000E-01  0.3271004E+01
  0.2095000E-01  0.3271761E+01
  0.2100000E-01  0.3272519E+01
  0.2105000E-01  0.3273278E+01
  0.2110000E-01  0.3274039E+01
  0.2115000E-01  0.3274800E+01
  0.2120000E-01  0.3275563E+01
  0.2125000E-01  0.3276326E+01
  0.2130000E-01  0.3277090E+01
  0.2135000E-01  0.3277853E+01
  0.2140000E-01  0.3278615E+01
  0.2145000E-01  0.3279375E+01
  0.2150000E-01  0.3280132E+01
  0.2155000E-01  0.3280887E+01
  0.2160000E-01  0.3281639E+01
  0.2165000E-01  0.3282389E+01
  0.2170000E-01  0.3283137E+01
  0.2175000E-01  0.3283882E+01
  0.2180000E-01  0.3284625E+01
  0.2185000E-01  0.3285364E+01
  0.2190000E-01  0.3286099E+01
  0.2195000E-01  0.3286831E+01
  0.2200000E-01  0.3287558E+01
  0.2205000E-01  0.3288281E+01
  0.2210000E-01  0.3289000E+01
  0.2215000E-01  0.3289715E+01
  0.2220000E-01  0.3290426E+01
  0.2225000E-01  0.3291134E+01
  0.2230000E-01  0.3291839E+01
  0.2235000E-01  0.3292541E+01
  0.2240000E-01  0.3293240E+01
  0.2245000E-01  0.3293935E+01
  0.2250000E-01  0.3294627E+01
  0.2255000E-01  0.3295316E+01
  0.2260000E-01  0.3296002E+01
  0.2265000E-01  0.3296685E+01
  0.2270000E-01  0.3297366E+01
  0.2275000E-01  0.3298045E+01
  0.2280000E-01  0.3298723E+01
  0.2285000E-01  0.3299399E+01
  0.2290000E-01  0.3300074E+01
  0.2295000E-01  0.3300749E+01
  0.2300000E-01  0.3301422E+01
  0.2305000E-01  0.3302095E+01
  0.2310000E-01  0.3302768E+01
  0.2315000E-01  0.3303440E+01
  0.2320000E-01  0.3304113E+01
  0.2325000E-01  0.3304785E+01
  0.2330000E-01  0.3305456E+01
  0.2335000E-01  0.3306126E+01
  0.2340000E-01  0.3306794E+01
  0.2345000E-01  0.3307461E+01
  0.2350000E-01  0.3308126E+01
  0.2355000E-01  0.3308790E+01
  0.2360000E-01  0.3309450E+01
  0.2365000E-01  0.3310108E+01
  0.2370000E-01  0.3310763E+01
  0.2375000E-01  0.3311417E+01
  0.2380000E-01  0.3312069E+01
  0.2385000E-01  0.3312720E+01
  0.2390000E-01  0.3313369E+01
  0.2395000E-01  0.3314019E+01
  0.2400000E-01  0.3314667E+01
  0.2405000E-01  0.3315314E+01
  0.2410000E-01  0.3315961E+01
  0.2415000E-01  0.3316607E+01
  0.2420000E-01  0.3317251E+01
  0.2425000E-01  0.3317895E+01
  0.2430000E-01  0.3318536E+01
  0.2435000E-01  0.3319175E+01
  0.2440000E-01  0.3319812E+01
  0.2445000E-01  0.3320446E+01
  0.2450000E-01  0.3321078E+01
  0.2455000E-01  0.3321707E+01
  0.2460000E-01  0.3322333E+01
  0.2465000E-01  0.3322954E+01
  0.2470000E-01  0.3323570E+01
  0.2475000E-01  0.3324182E+01
  0.2480000E-01  0.3324788E+01
  0.2485000E-01  0.3325389E+01
  0.2490000E-01  0.3325985E+01
  0.2495000E-01  0.3326575E+01
  0.2500000E-01  0.3327160E+01
  0.2505000E-01  0.3327741E+01
  0.2510000E-01  0.3328317E+01
  0.2515000E-01  0.3328889E+01
  0.2520000E-01  0.3329458E+01
  0.2525000E-01  0.3330023E+01
  0.2530000E-01  0.3330584E+01
  0.2535000E-01  0.3331140E+01
  0.2540000E-01  0.3331692E+01
  0.2545000E-01  0.3332240E+01
  0.2550000E-01  0.3332785E+01
  0.2555000E-01  0.3333326E+01
  0.2560000E-01  0.3333863E+01
  0.2565000E-01  0.3334398E+01
  0.2570000E-01  0.3334931E+01
  0.2575000E-01  0.3335462E+01
  0.2580000E-01  0.3335992E+01
  0.2585000E-01  0.3336521E+01
  0.2590000E-01  0.3337048E+01
  0.2595000E-01  0.3337574E+01
  0.2600000E-01  0.3338099E+01
  0.2605000E-01  0.3338622E+01
  0.2610000E-01  0.3339145E+01
  0.2615000E-01  0.3339669E+01
  0.2620000E-01  0.3340194E+01
  0.2625000E-01  0.3340721E+01
  0.2630000E-01  0.3341250E+01
  0.2635000E-01  0.3341783E+01
  0.2640000E-01  0.3342319E+01
  0.2645000E-01  0.3342857E+01
  0.2650000E-01  0.3343398E+01
  0.2655000E-01  0.3343940E+01
  0.2660000E-01  0.3344483E+01
  0.2665000E-01  0.3345026E+01
  0.2670000E-01  0.3345569E+01
  0.2675000E-01  0.3346112E+01
  0.2680000E-01  0.3346656E+01
  0.2685000E-01  0.3347201E+01
  0.2690000E-01  0.3347746E+01
  0.2695000E-01  0.3348293E+01
  0.2700000E-01  0.3348842E+01
  0.2705000E-01  0.3349390E+01
  0.2710000E-01  0.3349939E+01
  0.2715000E-01  0.3350488E+01
  0.2720000E-01  0.3351037E+01
  0.2725000E-01  0.3351584E+01
  0.2730000E-01  0.3352130E+01
  0.2735000E-01  0.3352676E+01
  0.2740000E-01  0.3353220E+01
  0.2745000E-01  0.3353763E+01
  0.2750000E-01  0.3354306E+01
  0.2755000E-01  0.3354849E+01
  0.2760000E-01  0.3355392E+01
  0.2765000E-01  0.3355936E+01
  0.2770000E-01  0.3356480E+01
  0.2775000E-01  0.3357026E+01
  0.2780000E-01  0.3357574E+01
  0.2785000E-01  0.3358123E+01
  0.2790000E-01  0.3358675E+01
  0.2795000E-01  0.3359229E+01
  0.2800000E-01  0.3359785E+01
  0.2805000E-01  0.3360343E+01
  0.2810000E-01  0.3360904E+01
  0.2815000E-01  0.3361466E+01
  0.2820000E-01  0.3362029E+01
  0.2825000E-01  0.3362595E+01
  0.2830000E-01  0.3363163E+01
  0.2835000E-01  0.3363732E+01
  0.2840000E-01  0.3364303E+01
  0.2845000E-01  0.3364875E+01
  0.2850000E-01  0.3365447E+01
  0.2855000E-01  0.3366021E+01
  0.2860000E-01  0.3366594E+01
  0.2865000E-01  0.3367167E+01
  0.2870000E-01  0.3367739E+01
  0.2875000E-01  0.3368310E+01
  0.2880000E-01  0.3368880E+01
  0.2885000E-01  0.3369450E+01
  0.2890000E-01  0.3370018E+01
  0.2895000E-01  0.3370586E+01
  0.2900000E-01  0.3371151E+01
  0.2905000E-01  0.3371715E+01
  0.2910000E-01  0.3372278E+01
  0.2915000E-01  0.3372838E+01
  0.2920000E-01  0.3373396E+01
  0.2925000E-01  0.3373953E+01
  0.2930000E-01  0.3374507E+01
  0.2935000E-01  0.3375059E+01
  0.2940000E-01  0.3375608E+01
  0.2945000E-01  0.3376153E+01
  0.2950000E-01  0.3376695E+01
  0.2955000E-01  0.3377234E+01
  0.2960000E-01  0.3377771E+01
  0.2965000E-01  0.3378306E+01
  0.2970000E-01  0.3378840E+01
  0.2975000E-01  0.3379373E+01
  0.2980000E-01  0.3379906E+01
  0.2985000E-01  0.3380437E+01
  0.2990000E-01  0.3380968E+01
  0.2995000E-01  0.3381498E+01
  0.3000000E-01  0.3382026E+01
  0.3005000E-01  0.3382554E+01
  0.3010000E-01  0.3383081E+01
  0.3015000E-01  0.3383605E+01
  0.3020000E-01  0.3384127E+01
  0.3025000E-01  0.3384645E+01
  0.3030000E-01  0.3385160E+01
  0.3035000E-01  0.3385672E+01
  0.3040000E-01  0.3386180E+01
  0.3045000E-01  0.3386685E+01
  0.3050000E-01  0.3387187E+01
  0.3055000E-01  0.3387686E+01
  0.3060000E-01  0.3388183E+01
  0.3065000E-01  0.3388677E+01
  0.3070000E-01  0.3389170E+01
  0.3075000E-01  0.3389662E+01
  0.3080000E-01  0.3390152E+01
  0.3085000E-01  0.3390640E+01
  0.3090000E-01  0.3391127E+01
  0.3095000E-01  0.3391611E+01
  0.3100000E-01  0.3392095E+01
  0.3105000E-01  0.3392577E+01
  0.3110000E-01  0.3393058E+01
  0.3115000E-01  0.3393537E+01
  0.3120000E-01  0.3394013E+01
  0.3125000E-01  0.3394487E+01
  0.3130000E-01  0.3394959E+01
  0.3135000E-01  0.3395428E+01
  0.3140000E-01  0.3395895E+01
  0.3145000E-01  0.3396358E+01
  0.3150000E-01  0.3396819E+01
  0.3155000E-01  0.3397276E+01
  0.3160000E-01  0.3397730E+01
  0.3165000E-01  0.3398181E+01
  0.3170000E-01  0.3398629E+01
  0.3175000E-01  0.3399074E+01
  0.3180000E-01  0.3399516E+01
  0.3185000E-01  0.3399956E+01
  0.3190000E-01  0.3400394E+01
  0.3195000E-01  0.3400830E+01
  0.3200000E-01  0.3401265E+01
  0.3205000E-01  0.3401698E+01
  0.3210000E-01  0.3402130E+01
  0.3215000E-01  0.3402559E+01
  0.3220000E-01  0.3402987E+01
  0.3225000E-01  0.3403414E+01
  0.3230000E-01  0.3403839E+01
  0.3235000E-01  0.3404263E+01
  0.3240000E-01  0.3404686E+01
  0.3245000E-01  0.3405107E+01
  0.3250000E-01  0.3405527E+01
  0.3255000E-01  0.3405945E+01
  0.3260000E-01  0.3406361E+01
  0.3265000E-01  0.3406775E+01
  0.3270000E-01  0.3407188E+01
  0.3275000E-01  0.3407598E+01
  0.3280000E-01  0.3408007E+01
  0.3285000E-01  0.3408414E+01
  0.3290000E-01  0.3408819E+01
  0.3295000E-01  0.3409224E+01
  0.3300000E-01  0.3409628E+01
  0.3305000E-01  0.3410031E+01
  0.3310000E-01  0.3410434E+01
  0.3315000E-01  0.3410837E+01
  0.3320000E-01  0.3411240E+01
  0.3325000E-01  0.3411643E+01
  0.3330000E-01  0.3412046E+01
  0.3335000E-01  0.3412449E+01
  0.3340000E-01  0.3412852E+01
  0.3345000E-01  0.3413255E+01
  0.3350000E-01  0.3413658E+01
  0.3355000E-01  0.3414062E+01
  0.3360000E-01  0.3414467E+01
  0.3365000E-01  0.3414872E+01
  0.3370000E-01  0.3415277E+01
  0.3375000E-01  0.3415683E+01
  0.3380000E-01  0.3416088E+01
  0.3385000E-01  0.3416493E+01
  0.3390000E-01  0.3416897E+01
  0.3395000E-01  0.3417300E+01
  0.3400000E-01  0.3417701E+01
  0.3405000E-01  0.3418100E+01
  0.3410000E-01  0.3418498E+01
  0.3415000E-01  0.3418894E+01
  0.3420000E-01  0.3419289E+01
  0.3425000E-01  0.3419683E+01
  0.3430000E-01  0.3420076E+01
  0.3435000E-01  0.3420469E+01
  0.3440000E-01  0.3420861E+01
  0.3445000E-01  0.3421253E+01
  0.3450000E-01  0.3421645E+01
  0.3455000E-01  0.3422037E+01
  0.3460000E-01  0.3422429E+01
  0.3465000E-01  0.3422820E+01
  0.3470000E-01  0.3423212E+01
  0.3475000E-01  0.3423602E+01
  0.3480000E-01  0.3423991E+01
  0.3485000E-01  0.3424379E+01
  0.3490000E-01  0.3424765E+01
  0.3495000E-01  0.3425149E+01
  0.3500000E-01  0.3425532E+01
  0.3505000E-01  0.3425915E+01
  0.3510000E-01  0.3426298E+01
  0.3515000E-01  0.3426681E+01
  0.3520000E-01  0.3427065E+01
  0.3525000E-01  0.3427449E+01
  0.3530000E-01  0.3427834E+01
  0.3535000E-01  0.3428218E+01
  0.3540000E-01  0.3428604E+01
  0.3545000E-01  0.3428989E+01
  0.3550000E-01  0.3429376E+01
  0.3555000E-01  0.3429763E+01
  0.3560000E-01  0.3430151E+01
  0.3565000E-01  0.3430539E+01
  0.3570000E-01  0.3430929E+01
  0.3575000E-01  0.3431319E+01
  0.3580000E-01  0.3431710E+01
  0.3585000E-01  0.3432103E+01
  0.3590000E-01  0.3432496E+01
  0.3595000E-01  0.3432890E+01
  0.3600000E-01  0.3433284E+01
  0.3605000E-01  0.3433679E+01
  0.3610000E-01  0.3434074E+01
  0.3615000E-01  0.3434470E+01
  0.3620000E-01  0.3434868E+01
  0.3625000E-01  0.3435266E+01
  0.3630000E-01  0.3435665E+01
  0.3635000E-01  0.3436065E+01
  0.3640000E-01  0.3436467E+01
  0.3645000E-01  0.3436870E+01
  0.3650000E-01  0.3437274E+01
  0.3655000E-01  0.3437678E+01
  0.3660000E-01  0.3438084E+01
  0.3665000E-01  0.3438491E+01
  0.3670000E-01  0.3438899E+01
  0.3675000E-01  0.3439308E+01
  0.3680000E-01  0.3439716E+01
  0.3685000E-01  0.3440126E+01
  0.3690000E-01  0.3440535E+01
  0.3695000E-01  0.3440944E+01
  0.3700000E-01  0.3441353E+01
  0.3705000E-01  0.3441761E+01
  0.3710000E-01  0.3442168E+01
  0.3715000E-01  0.3442573E+01
  0.3720000E-01  0.3442976E+01
  0.3725000E-01  0.3443377E+01
  0.3730000E-01  0.3443776E+01
  0.3735000E-01  0.3444172E+01
  0.3740000E-01  0.3444566E+01
  0.3745000E-01  0.3444957E+01
  0.3750000E-01  0.3445345E+01
  0.3755000E-01  0.3445731E+01
  0.3760000E-01  0.3446114E+01
  0.3765000E-01  0.3446495E+01
  0.3770000E-01  0.3446873E+01
  0.3775000E-01  0.3447248E+01
  0.3780000E-01  0.3447621E+01
  0.3785000E-01  0.3447990E+01
  0.3790000E-01  0.3448357E+01
  0.3795000E-01  0.3448721E+01
  0.3800000E-01  0.3449083E+01
  0.3805000E-01  0.3449442E+01
  0.3810000E-01  0.3449798E+01
  0.3815000E-01  0.3450153E+01
  0.3820000E-01  0.3450504E+01
  0.3825000E-01  0.3450854E+01
  0.3830000E-01  0.3451203E+01
  0.3835000E-01  0.3451550E+01
  0.3840000E-01  0.3451896E+01
  0.3845000E-01  0.3452241E+01
  0.3850000E-01  0.3452586E+01
  0.3855000E-01  0.3452931E+01
  0.3860000E-01  0.3453274E+01
  0.3865000E-01  0.3453618E+01
  0.3870000E-01  0.3453960E+01
  0.3875000E-01  0.3454303E+01
  0.3880000E-01  0.3454645E+01
  0.3885000E-01  0.3454987E+01
  0.3890000E-01  0.3455330E+01
  0.3895000E-01  0.3455673E+01
  0.3900000E-01  0.3456015E+01
  0.3905000E-01  0.3456357E+01
  0.3910000E-01  0.3456698E+01
  0.3915000E-01  0.3457037E+01
  0.3920000E-01  0.3457376E+01
  0.3925000E-01  0.3457713E+01
  0.3930000E-01  0.3458049E+01
  0.3935000E-01  0.3458383E+01
  0.3940000E-01  0.3458716E+01
  0.3945000E-01  0.3459047E+01
  0.3950000E-01  0.3459375E+01
  0.3955000E-01  0.3459701E+01
  0.3960000E-01  0.3460024E+01
  0.3965000E-01  0.3460344E+01
  0.3970000E-01  0.3460661E+01
  0.3975000E-01  0.3460975E+01
  0.3980000E-01  0.3461286E+01
  0.3985000E-01  0.3461594E+01
  0.3990000E-01  0.3461899E+01
  0.3995000E-01  0.3462201E+01
  0.4000000E-01  0.3462500E+01
  0.4005000E-01  0.3462796E+01
  0.4010000E-01  0.3463090E+01
  0.4015000E-01  0.3463381E+01
  0.4020000E-01  0.3463670E+01
  0.4025000E-01  0.3463957E+01
  0.4030000E-01  0.3464242E+01
  0.4035000E-01  0.3464526E+01
  0.4040000E-01  0.3464808E+01
  0.4045000E-01  0.3465089E+01
  0.4050000E-01  0.3465368E+01
  0.4055000E-01  0.3465646E+01
  0.4060000E-01  0.3465923E+01
  0.4065000E-01  0.3466197E+01
  0.4070000E-01  0.3466469E+01
  0.4075000E-01  0.3466739E+01
  0.4080000E-01  0.3467007E+01
  0.4085000E-01  0.3467274E+01
  0.4090000E-01  0.3467539E+01
  0.4095000E-01  0.3467803E+01
  0.4100000E-01  0.3468065E+01
  0.4105000E-01  0.3468327E+01
  0.4110000E-01  0.3468588E+01
  0.4115000E-01  0.3468848E+01
  0.4120000E-01  0.3469107E+01
  0.4125000E-01  0.3469365E+01
  0.4130000E-01  0.3469621E+01
  0.4135000E-01  0.3469876E+01
  0.4140000E-01  0.3470130E+01
  0.4145000E-01  0.3470382E+01
  0.4150000E-01  0.3470634E+01
  0.4155000E-01  0.3470885E+01
  0.4160000E-01  0.3471135E+01
  0.4165000E-01  0.3471385E+01
  0.4170000E-01  0.3471634E+01
  0.4175000E-01  0.3471883E+01
  0.4180000E-01  0.3472132E+01
  0.4185000E-01  0.3472381E+01
  0.4190000E-01  0.3472630E+01
  0.4195000E-01  0.3472877E+01
  0.4200000E-01  0.3473124E+01
  0.4205000E-01  0.3473370E+01
  0.4210000E-01  0.3473616E+01
  0.4215000E-01  0.3473860E+01
  0.4220000E-01  0.3474104E+01
  0.4225000E-01  0.3474347E+01
  0.4230000E-01  0.3474588E+01
  0.4235000E-01  0.3474827E+01
  0.4240000E-01  0.3475065E+01
  0.4245000E-01  0.3475301E+01
  0.4250000E-01  0.3475535E+01
  0.4255000E-01  0.3475768E+01
  0.4260000E-01  0.3475999E+01
  0.4265000E-01  0.3476230E+01
  0.4270000E-01  0.3476459E+01
  0.4275000E-01  0.3476687E+01
  0.4280000E-01  0.3476914E+01
  0.4285000E-01  0.3477139E+01
  0.4290000E-01  0.3477364E+01
  0.4295000E-01  0.3477587E+01
  0.4300000E-01  0.3477809E+01
  0.4305000E-01  0.3478030E+01
  0.4310000E-01  0.3478251E+01
  0.4315000E-01  0.3478471E+01
  0.4320000E-01  0.3478691E+01
  0.4325000E-01  0.3478909E+01
  0.4330000E-01  0.3479127E+01
  0.4335000E-01  0.3479344E+01
  0.4340000E-01  0.3479561E+01
  0.4345000E-01  0.3479776E+01
  0.4350000E-01  0.3479991E+01
  0.4355000E-01  0.3480205E+01
  0.4360000E-01  0.3480418E+01
  0.4365000E-01  0.3480630E+01
  0.4370000E-01  0.3480842E+01
  0.4375000E-01  0.3481054E+01
  0.4380000E-01  0.3481266E+01
  0.4385000E-01  0.3481479E+01
  0.4390000E-01  0.3481692E+01
  0.4395000E-01  0.3481906E+01
  0.4400000E-01  0.3482120E+01
  0.4405000E-01  0.3482335E+01
  0.4410000E-01  0.3482550E+01
  0.4415000E-01  0.3482764E+01
  0.4420000E-01  0.3482977E+01
  0.4425000E-01  0.3483189E+01
  0.4430000E-01  0.3483399E+01
  0.4435000E-01  0.3483607E+01
  0.4440000E-01  0.3483812E+01
  0.4445000E-01  0.3484015E+01
  0.4450000E-01  0.3484215E+01
  0.4455000E-01  0.3484412E+01
  0.4460000E-01  0.3484607E+01
  0.4465000E-01  0.3484800E+01
  0.4470000E-01  0.3484991E+01
  0.4475000E-01  0.3485180E+01
  0.4480000E-01  0.3485368E+01
  0.4485000E-01  0.3485554E+01
  0.4490000E-01  0.3485740E+01
  0.4495000E-01  0.3485923E+01
  0.4500000E-01  0.3486106E+01
  0.4505000E-01  0.3486287E+01
  0.4510000E-01  0.3486467E+01
  0.4515000E-01  0.3486646E+01
  0.4520000E-01  0.3486825E+01
  0.4525000E-01  0.3487001E+01
  0.4530000E-01  0.3487176E+01
  0.4535000E-01  0.3487348E+01
  0.4540000E-01  0.3487518E+01
  0.4545000E-01  0.3487685E+01
  0.4550000E-01  0.3487850E+01
  0.4555000E-01  0.3488011E+01
  0.4560000E-01  0.3488169E+01
  0.4565000E-01  0.3488325E+01
  0.4570000E-01  0.3488478E+01
  0.4575000E-01  0.3488628E+01
  0.4580000E-01  0.3488777E+01
  0.4585000E-01  0.3488923E+01
  0.4590000E-01  0.3489068E+01
  0.4595000E-01  0.3489211E+01
  0.4600000E-01  0.3489353E+01
  0.4605000E-01  0.3489493E+01
  0.4610000E-01  0.3489632E+01
  0.4615000E-01  0.3489770E+01
  0.4620000E-01  0.3489906E+01
  0.4625000E-01  0.3490042E+01
  0.4630000E-01  0.3490177E+01
  0.4635000E-01  0.3490311E+01
  0.4640000E-01  0.3490445E+01
  0.4645000E-01  0.3490579E+01
  0.4650000E-01  0.3490713E+01
  0.4655000E-01  0.3490846E+01
  0.4660000E-01  0.3490980E+01
  0.4665000E-01  0.3491113E+01
  0.4670000E-01  0.3491246E+01
  0.4675000E-01  0.3491379E+01
  0.4680000E-01  0.3491512E+01
  0.4685000E-01  0.3491644E+01
  0.4690000E-01  0.3491775E+01
  0.4695000E-01  0.3491905E+01
  0.4700000E-01  0.3492034E+01
  0.4705000E-01  0.3492161E+01
  0.4710000E-01  0.3492286E+01
  0.4715000E-01  0.3492408E+01
  0.4720000E-01  0.3492528E+01
  0.4725000E-01  0.3492646E+01
  0.4730000E-01  0.3492762E+01
  0.4735000E-01  0.3492875E+01
  0.4740000E-01  0.3492987E+01
  0.4745000E-01  0.3493097E+01
  0.4750000E-01  0.3493205E+01
  0.4755000E-01  0.3493312E+01
  0.4760000E-01  0.3493418E+01
  0.4765000E-01  0.3493525E+01
  0.4770000E-01  0.3493631E+01
  0.4775000E-01  0.3493738E+01
  0.4780000E-01  0.3493844E+01
  0.4785000E-01  0.3493950E+01
  0.4790000E-01  0.3494056E+01
  0.4795000E-01  0.3494160E+01
  0.4800000E-01  0.3494264E+01
  0.4805000E-01  0.3494366E+01
  0.4810000E-01  0.3494465E+01
  0.4815000E-01  0.3494563E+01
  0.4820000E-01  0.3494659E+01
  0.4825000E-01  0.3494753E+01
  0.4830000E-01  0.3494846E+01
  0.4835000E-01  0.3494936E+01
  0.4840000E-01  0.3495026E+01
  0.4845000E-01  0.3495113E+01
  0.4850000E-01  0.3495200E+01
  0.4855000E-01  0.3495285E+01
  0.4860000E-01  0.3495368E+01
  0.4865000E-01  0.3495451E+01
  0.4870000E-01  0.3495532E+01
  0.4875000E-01  0.3495612E+01
  0.4880000E-01  0.3495691E+01
  0.4885000E-01  0.3495769E+01
  0.4890000E-01  0.3495844E+01
  0.4895000E-01  0.3495918E+01
  0.4900000E-01  0.3495990E+01
  0.4905000E-01  0.3496060E+01
  0.4910000E-01  0.3496128E+01
  0.4915000E-01  0.3496194E+01
  0.4920000E-01  0.3496258E+01
  0.4925000E-01  0.3496320E+01
  0.4930000E-01  0.3496379E+01
  0.4935000E-01  0.3496436E+01
  0.4940000E-01  0.3496490E+01
  0.4945000E-01  0.3496541E+01
  0.4950000E-01  0.3496588E+01
  0.4955000E-01  0.3496633E+01
  0.4960000E-01  0.3496673E+01
  0.4965000E-01  0.3496711E+01
  0.4970000E-01  0.3496745E+01
  0.4975000E-01  0.3496776E+01
  0.4980000E-01  0.3496803E+01
  0.4985000E-01  0.3496828E+01
  0.4990000E-01  0.3496849E+01
  0.4995000E-01  0.3496867E+01
  0.5000000E-01  0.3496882E+01
  0.5005000E-01  0.3496893E+01
  0.5010000E-01  0.3496900E+01
  0.5015000E-01  0.3496904E+01
  0.5020000E-01  0.3496904E+01
  0.5025000E-01  0.3496900E+01
  0.5030000E-01  0.3496893E+01
  0.5035000E-01  0.3496882E+01
  0.5040000E-01  0.3496868E+01
  0.5045000E-01  0.3496850E+01
  0.5050000E-01  0.3496829E+01
  0.5055000E-01  0.3496805E+01
  0.5060000E-01  0.3496778E+01
  0.5065000E-01  0.3496747E+01
  0.5070000E-01  0.3496712E+01
  0.5075000E-01  0.3496675E+01
  0.5080000E-01  0.3496634E+01
  0.5085000E-01  0.3496591E+01
  0.5090000E-01  0.3496545E+01
  0.5095000E-01  0.3496498E+01
  0.5100000E-01  0.3496449E+01
  0.5105000E-01  0.3496400E+01
  0.5110000E-01  0.3496349E+01
  0.5115000E-01  0.3496297E+01
  0.5120000E-01  0.3496244E+01
  0.5125000E-01  0.3496190E+01
  0.5130000E-01  0.3496135E+01
  0.5135000E-01  0.3496078E+01
  0.5140000E-01  0.3496020E+01
  0.5145000E-01  0.3495960E+01
  0.5150000E-01  0.3495898E+01
  0.5155000E-01  0.3495834E+01
  0.5160000E-01  0.3495769E+01
  0.5165000E-01  0.3495702E+01
  0.5170000E-01  0.3495634E+01
  0.5175000E-01  0.3495564E+01
  0.5180000E-01  0.3495492E+01
  0.5185000E-01  0.3495419E+01
  0.5190000E-01  0.3495344E+01
  0.5195000E-01  0.3495268E+01
  0.5200000E-01  0.3495189E+01
  0.5205000E-01  0.3495109E+01
  0.5210000E-01  0.3495028E+01
  0.5215000E-01  0.3494944E+01
  0.5220000E-01  0.3494860E+01
  0.5225000E-01  0.3494774E+01
  0.5230000E-01  0.3494687E+01
  0.5235000E-01  0.3494598E+01
  0.5240000E-01  0.3494509E+01
  0.5245000E-01  0.3494419E+01
  0.5250000E-01  0.3494329E+01
  0.5255000E-01  0.3494238E+01
  0.5260000E-01  0.3494146E+01
  0.5265000E-01  0.3494055E+01
  0.5270000E-01  0.3493963E+01
  0.5275000E-01  0.3493870E+01
  0.5280000E-01  0.3493776E+01
  0.5285000E-01  0.3493682E+01
  0.5290000E-01  0.3493586E+01
  0.5295000E-01  0.3493489E+01
  0.5300000E-01  0.3493390E+01
  0.5305000E-01  0.3493290E+01
  0.5310000E-01  0.3493188E+01
  0.5315000E-01  0.3493085E+01
  0.5320000E-01  0.3492979E+01
  0.5325000E-01  0.3492871E+01
  0.5330000E-01  0.3492761E+01
  0.5335000E-01  0.3492649E+01
  0.5340000E-01  0.3492536E+01
  0.5345000E-01  0.3492420E+01
  0.5350000E-01  0.3492302E+01
  0.5355000E-01  0.3492184E+01
  0.5360000E-01  0.3492063E+01
  0.5365000E-01  0.3491942E+01
  0.5370000E-01  0.3491819E+01
  0.5375000E-01  0.3491695E+01
  0.5380000E-01  0.3491569E+01
  0.5385000E-01  0.3491442E+01
  0.5390000E-01  0.3491313E+01
  0.5395000E-01  0.3491182E+01
  0.5400000E-01  0.3491050E+01
  0.5405000E-01  0.3490917E+01
  0.5410000E-01  0.3490782E+01
  0.5415000E-01  0.3490647E+01
  0.5420000E-01  0.3490511E+01
  0.5425000E-01  0.3490374E+01
  0.5430000E-01  0.3490238E+01
  0.5435000E-01  0.3490101E+01
  0.5440000E-01  0.3489964E+01
  0.5445000E-01  0.3489827E+01
  0.5450000E-01  0.3489689E+01
  0.5455000E-01  0.3489550E+01
  0.5460000E-01  0.3489410E+01
  0.5465000E-01  0.3489268E+01
  0.5470000E-01  0.3489124E+01
  0.5475000E-01  0.3488977E+01
  0.5480000E-01  0.3488827E+01
  0.5485000E-01  0.3488674E+01
  0.5490000E-01  0.3488519E+01
  0.5495000E-01  0.3488362E+01
  0.5500000E-01  0.3488202E+01
  0.5505000E-01  0.3488040E+01
  0.5510000E-01  0.3487876E+01
  0.5515000E-01  0.3487710E+01
  0.5520000E-01  0.3487541E+01
  0.5525000E-01  0.3487370E+01
  0.5530000E-01  0.3487196E+01
  0.5535000E-01  0.3487019E+01
  0.5540000E-01  0.3486841E+01
  0.5545000E-01  0.3486660E+01
  0.5550000E-01  0.3486476E+01
  0.5555000E-01  0.3486291E+01
  0.5560000E-01  0.3486103E+01
  0.5565000E-01  0.3485913E+01
  0.5570000E-01  0.3485721E+01
  0.5575000E-01  0.3485527E+01
  0.5580000E-01  0.3485330E+01
  0.5585000E-01  0.3485131E+01
  0.5590000E-01  0.3484931E+01
  0.5595000E-01  0.3484728E+01
  0.5600000E-01  0.3484524E+01
  0.5605000E-01  0.3484318E+01
  0.5610000E-01  0.3484110E+01
  0.5615000E-01  0.3483902E+01
  0.5620000E-01  0.3483693E+01
  0.5625000E-01  0.3483483E+01
  0.5630000E-01  0.3483274E+01
  0.5635000E-01  0.3483065E+01
  0.5640000E-01  0.3482856E+01
  0.5645000E-01  0.3482647E+01
  0.5650000E-01  0.3482439E+01
  0.5655000E-01  0.3482231E+01
  0.5660000E-01  0.3482024E+01
  0.5665000E-01  0.3481818E+01
  0.5670000E-01  0.3481612E+01
  0.5675000E-01  0.3481408E+01
  0.5680000E-01  0.3481205E+01
  0.5685000E-01  0.3481004E+01
  0.5690000E-01  0.3480804E+01
  0.5695000E-01  0.3480606E+01
  0.5700000E-01  0.3480408E+01
  0.5705000E-01  0.3480210E+01
  0.5710000E-01  0.3480013E+01
  0.5715000E-01  0.3479815E+01
  0.5720000E-01  0.3479616E+01
  0.5725000E-01  0.3479416E+01
  0.5730000E-01  0.3479213E+01
  0.5735000E-01  0.3479009E+01
  0.5740000E-01  0.3478803E+01
  0.5745000E-01  0.3478595E+01
  0.5750000E-01  0.3478385E+01
  0.5755000E-01  0.3478172E+01
  0.5760000E-01  0.3477956E+01
  0.5765000E-01  0.3477738E+01
  0.5770000E-01  0.3477516E+01
  0.5775000E-01  0.3477291E+01
  0.5780000E-01  0.3477063E+01
  0.5785000E-01  0.3476832E+01
  0.5790000E-01  0.3476598E+01
  0.5795000E-01  0.3476360E+01
  0.5800000E-01  0.3476120E+01
  0.5805000E-01  0.3475876E+01
  0.5810000E-01  0.3475629E+01
  0.5815000E-01  0.3475378E+01
  0.5820000E-01  0.3475124E+01
  0.5825000E-01  0.3474867E+01
  0.5830000E-01  0.3474607E+01
  0.5835000E-01  0.3474343E+01
  0.5840000E-01  0.3474076E+01
  0.5845000E-01  0.3473806E+01
  0.5850000E-01  0.3473532E+01
  0.5855000E-01  0.3473256E+01
  0.5860000E-01  0.3472978E+01
  0.5865000E-01  0.3472696E+01
  0.5870000E-01  0.3472412E+01
  0.5875000E-01  0.3472127E+01
  0.5880000E-01  0.3471839E+01
  0.5885000E-01  0.3471549E+01
  0.5890000E-01  0.3471257E+01
  0.5895000E-01  0.3470962E+01
  0.5900000E-01  0.3470665E+01
  0.5905000E-01  0.3470366E+01
  0.5910000E-01  0.3470064E+01
  0.5915000E-01  0.3469760E+01
  0.5920000E-01  0.3469453E+01
  0.5925000E-01  0.3469144E+01
  0.5930000E-01  0.3468832E+01
  0.5935000E-01  0.3468518E+01
  0.5940000E-01  0.3468202E+01
  0.5945000E-01  0.3467885E+01
  0.5950000E-01  0.3467565E+01
  0.5955000E-01  0.3467244E+01
  0.5960000E-01  0.3466921E+01
  0.5965000E-01  0.3466597E+01
  0.5970000E-01  0.3466270E+01
  0.5975000E-01  0.3465942E+01
  0.5980000E-01  0.3465611E+01
  0.5985000E-01  0.3465279E+01
  0.5990000E-01  0.3464944E+01
  0.5995000E-01  0.3464607E+01
  0.6000000E-01  0.3464267E+01
  0.6005000E-01  0.3463925E+01
  0.6010000E-01  0.3463580E+01
  0.6015000E-01  0.3463234E+01
  0.6020000E-01  0.3462886E+01
  0.6025000E-01  0.3462536E+01
  0.6030000E-01  0.3462184E+01
  0.6035000E-01  0.3461831E+01
  0.6040000E-01  0.3461477E+01
  0.6045000E-01  0.3461121E+01
  0.6050000E-01  0.3460764E+01
  0.6055000E-01  0.3460406E+01
  0.6060000E-01  0.3460047E+01
  0.6065000E-01  0.3459687E+01
  0.6070000E-01  0.3459324E+01
  0.6075000E-01  0.3458961E+01
  0.6080000E-01  0.3458596E+01
  0.6085000E-01  0.3458230E+01
  0.6090000E-01  0.3457863E+01
  0.6095000E-01  0.3457495E+01
  0.6100000E-01  0.3457128E+01
  0.6105000E-01  0.3456760E+01
  0.6110000E-01  0.3456392E+01
  0.6115000E-01  0.3456025E+01
  0.6120000E-01  0.3455659E+01
  0.6125000E-01  0.3455293E+01
  0.6130000E-01  0.3454928E+01
  0.6135000E-01  0.3454563E+01
  0.6140000E-01  0.3454200E+01
  0.6145000E-01  0.3453837E+01
  0.6150000E-01  0.3453475E+01
  0.6155000E-01  0.3453114E+01
  0.6160000E-01  0.3452754E+01
  0.6165000E-01  0.3452393E+01
  0.6170000E-01  0.3452033E+01
  0.6175000E-01  0.3451674E+01
  0.6180000E-01  0.3451314E+01
  0.6185000E-01  0.3450955E+01
  0.6190000E-01  0.3450597E+01
  0.6195000E-01  0.3450240E+01
  0.6200000E-01  0.3449884E+01
  0.6205000E-01  0.3449529E+01
  0.6210000E-01  0.3449174E+01
  0.6215000E-01  0.3448819E+01
  0.6220000E-01  0.3448464E+01
  0.6225000E-01  0.3448109E+01
  0.6230000E-01  0.3447753E+01
  0.6235000E-01  0.3447396E+01
  0.6240000E-01  0.3447038E+01
  0.6245000E-01  0.3446679E+01
  0.6250000E-01  0.3446318E+01
  0.6255000E-01  0.3445957E+01
  0.6260000E-01  0.3445595E+01
  0.6265000E-01  0.3445233E+01
  0.6270000E-01  0.3444870E+01
  0.6275000E-01  0.3444507E+01
  0.6280000E-01  0.3444145E+01
  0.6285000E-01  0.3443784E+01
  0.6290000E-01  0.3443423E+01
  0.6295000E-01  0.3443064E+01
  0.6300000E-01  0.3442705E+01
  0.6305000E-01  0.3442347E+01
  0.6310000E-01  0.3441990E+01
  0.6315000E-01  0.3441633E+01
  0.6320000E-01  0.3441276E+01
  0.6325000E-01  0.3440920E+01
  0.6330000E-01  0.3440563E+01
  0.6335000E-01  0.3440208E+01
  0.6340000E-01  0.3439852E+01
  0.6345000E-01  0.3439498E+01
  0.6350000E-01  0.3439144E+01
  0.6355000E-01  0.3438792E+01
  0.6360000E-01  0.3438441E+01
  0.6365000E-01  0.3438091E+01
  0.6370000E-01  0.3437743E+01
  0.6375000E-01  0.3437396E+01
  0.6380000E-01  0.3437051E+01
  0.6385000E-01  0.3436706E+01
  0.6390000E-01  0.3436362E+01
  0.6395000E-01  0.3436019E+01
  0.6400000E-01  0.3435676E+01
  0.6405000E-01  0.3435333E+01
  0.6410000E-01  0.3434990E+01
  0.6415000E-01  0.3434647E+01
  0.6420000E-01  0.3434303E+01
  0.6425000E-01  0.3433958E+01
  0.6430000E-01  0.3433611E+01
  0.6435000E-01  0.3433263E+01
  0.6440000E-01  0.3432914E+01
  0.6445000E-01  0.3432563E+01
  0.6450000E-01  0.3432212E+01
  0.6455000E-01  0.3431859E+01
  0.6460000E-01  0.3431506E+01
  0.6465000E-01  0.3431152E+01
  0.6470000E-01  0.3430797E+01
  0.6475000E-01  0.3430441E+01
  0.6480000E-01  0.3430084E+01
  0.6485000E-01  0.3429725E+01
  0.6490000E-01  0.3429365E+01
  0.6495000E-01  0.3429002E+01
  0.6500000E-01  0.3428636E+01
  0.6505000E-01  0.3428269E+01
  0.6510000E-01  0.3427898E+01
  0.6515000E-01  0.3427525E+01
  0.6520000E-01  0.3427150E+01
  0.6525000E-01  0.3426772E+01
  0.6530000E-01  0.3426392E+01
  0.6535000E-01  0.3426009E+01
  0.6540000E-01  0.3425623E+01
  0.6545000E-01  0.3425234E+01
  0.6550000E-01  0.3424842E+01
  0.6555000E-01  0.3424447E+01
  0.6560000E-01  0.3424049E+01
  0.6565000E-01  0.3423649E+01
  0.6570000E-01  0.3423245E+01
  0.6575000E-01  0.3422837E+01
  0.6580000E-01  0.3422426E+01
  0.6585000E-01  0.3422010E+01
  0.6590000E-01  0.3421590E+01
  0.6595000E-01  0.3421165E+01
  0.6600000E-01  0.3420734E+01
  0.6605000E-01  0.3420298E+01
  0.6610000E-01  0.3419857E+01
  0.6615000E-01  0.3419410E+01
  0.6620000E-01  0.3418957E+01
  0.6625000E-01  0.3418498E+01
  0.6630000E-01  0.3418035E+01
  0.6635000E-01  0.3417567E+01
  0.6640000E-01  0.3417095E+01
  0.6645000E-01  0.3416619E+01
  0.6650000E-01  0.3416140E+01
  0.6655000E-01  0.3415658E+01
  0.6660000E-01  0.3415174E+01
  0.6665000E-01  0.3414688E+01
  0.6670000E-01  0.3414201E+01
  0.6675000E-01  0.3413712E+01
  0.6680000E-01  0.3413221E+01
  0.6685000E-01  0.3412729E+01
  0.6690000E-01  0.3412235E+01
  0.6695000E-01  0.3411739E+01
  0.6700000E-01  0.3411241E+01
  0.6705000E-01  0.3410742E+01
  0.6710000E-01  0.3410241E+01
  0.6715000E-01  0.3409738E+01
  0.6720000E-01  0.3409234E+01
  0.6725000E-01  0.3408729E+01
  0.6730000E-01  0.3408223E+01
  0.6735000E-01  0.3407717E+01
  0.6740000E-01  0.3407210E+01
  0.6745000E-01  0.3406703E+01
  0.6750000E-01  0.3406195E+01
  0.6755000E-01  0.3405688E+01
  0.6760000E-01  0.3405182E+01
  0.6765000E-01  0.3404675E+01
  0.6770000E-01  0.3404170E+01
  0.6775000E-01  0.3403666E+01
  0.6780000E-01  0.3403164E+01
  0.6785000E-01  0.3402663E+01
  0.6790000E-01  0.3402164E+01
  0.6795000E-01  0.3401667E+01
  0.6800000E-01  0.3401171E+01
  0.6805000E-01  0.3400675E+01
  0.6810000E-01  0.3400180E+01
  0.6815000E-01  0.3399686E+01
  0.6820000E-01  0.3399193E+01
  0.6825000E-01  0.3398700E+01
  0.6830000E-01  0.3398208E+01
  0.6835000E-01  0.3397717E+01
  0.6840000E-01  0.3397225E+01
  0.6845000E-01  0.3396735E+01
  0.6850000E-01  0.3396243E+01
  0.6855000E-01  0.3395752E+01
  0.6860000E-01  0.3395260E+01
  0.6865000E-01  0.3394768E+01
  0.6870000E-01  0.3394275E+01
  0.6875000E-01  0.3393782E+01
  0.6880000E-01  0.3393290E+01
  0.6885000E-01  0.3392798E+01
  0.6890000E-01  0.3392307E+01
  0.6895000E-01  0.3391817E+01
  0.6900000E-01  0.3391329E+01
  0.6905000E-01  0.3390843E+01
  0.6910000E-01  0.3390360E+01
  0.6915000E-01  0.3389880E+01
  0.6920000E-01  0.3389402E+01
  0.6925000E-01  0.3388928E+01
  0.6930000E-01  0.3388455E+01
  0.6935000E-01  0.3387984E+01
  0.6940000E-01  0.3387515E+01
  0.6945000E-01  0.3387047E+01
  0.6950000E-01  0.3386579E+01
  0.6955000E-01  0.3386112E+01
  0.6960000E-01  0.3385644E+01
  0.6965000E-01  0.3385175E+01
  0.6970000E-01  0.3384704E+01
  0.6975000E-01  0.3384232E+01
  0.6980000E-01  0.3383758E+01
  0.6985000E-01  0.3383281E+01
  0.6990000E-01  0.3382801E+01
  0.6995000E-01  0.3382317E+01
  0.7000000E-01  0.3381830E+01
  0.7005000E-01  0.3381337E+01
  0.7010000E-01  0.3380840E+01
  0.7015000E-01  0.3380338E+01
  0.7020000E-01  0.3379831E+01
  0.7025000E-01  0.3379319E+01
  0.7030000E-01  0.3378803E+01
  0.7035000E-01  0.3378283E+01
  0.7040000E-01  0.3377760E+01
  0.7045000E-01  0.3377234E+01
  0.7050000E-01  0.3376706E+01
  0.7055000E-01  0.3376177E+01
  0.7060000E-01  0.3375646E+01
  0.7065000E-01  0.3375113E+01
  0.7070000E-01  0.3374580E+01
  0.7075000E-01  0.3374046E+01
  0.7080000E-01  0.3373510E+01
  0.7085000E-01  0.3372974E+01
  0.7090000E-01  0.3372436E+01
  0.7095000E-01  0.3371898E+01
  0.7100000E-01  0.3371358E+01
  0.7105000E-01  0.3370817E+01
  0.7110000E-01  0.3370276E+01
  0.7115000E-01  0.3369733E+01
  0.7120000E-01  0.3369190E+01
  0.7125000E-01  0.3368645E+01
  0.7130000E-01  0.3368100E+01
  0.7135000E-01  0.3367554E+01
  0.7140000E-01  0.3367008E+01
  0.7145000E-01  0.3366462E+01
  0.7150000E-01  0.3365915E+01
  0.7155000E-01  0.3365368E+01
  0.7160000E-01  0.3364820E+01
  0.7165000E-01  0.3364271E+01
  0.7170000E-01  0.3363720E+01
  0.7175000E-01  0.3363167E+01
  0.7180000E-01  0.3362610E+01
  0.7185000E-01  0.3362051E+01
  0.7190000E-01  0.3361488E+01
  0.7195000E-01  0.3360922E+01
  0.7200000E-01  0.3360354E+01
  0.7205000E-01  0.3359784E+01
  0.7210000E-01  0.3359212E+01
  0.7215000E-01  0.3358639E+01
  0.7220000E-01  0.3358065E+01
  0.7225000E-01  0.3357490E+01
  0.7230000E-01  0.3356914E+01
  0.7235000E-01  0.3356338E+01
  0.7240000E-01  0.3355761E+01
  0.7245000E-01  0.3355184E+01
  0.7250000E-01  0.3354607E+01
  0.7255000E-01  0.3354030E+01
  0.7260000E-01  0.3353451E+01
  0.7265000E-01  0.3352873E+01
  0.7270000E-01  0.3352295E+01
  0.7275000E-01  0.3351716E+01
  0.7280000E-01  0.3351138E+01
  0.7285000E-01  0.3350559E+01
  0.7290000E-01  0.3349980E+01
  0.7295000E-01  0.3349399E+01
  0.7300000E-01  0.3348817E+01
  0.7305000E-01  0.3348233E+01
  0.7310000E-01  0.3347648E+01
  0.7315000E-01  0.3347062E+01
  0.7320000E-01  0.3346475E+01
  0.7325000E-01  0.3345886E+01
  0.7330000E-01  0.3345297E+01
  0.7335000E-01  0.3344708E+01
  0.7340000E-01  0.3344118E+01
  0.7345000E-01  0.3343527E+01
  0.7350000E-01  0.3342936E+01
  0.7355000E-01  0.3342343E+01
  0.7360000E-01  0.3341750E+01
  0.7365000E-01  0.3341155E+01
  0.7370000E-01  0.3340560E+01
  0.7375000E-01  0.3339965E+01
  0.7380000E-01  0.3339370E+01
  0.7385000E-01  0.3338773E+01
  0.7390000E-01  0.3338176E+01
  0.7395000E-01  0.3337578E+01
  0.7400000E-01  0.3336978E+01
  0.7405000E-01  0.3336379E+01
  0.7410000E-01  0.3335778E+01
  0.7415000E-01  0.3335177E+01
  0.7420000E-01  0.3334574E+01
  0.7425000E-01  0.3333968E+01
  0.7430000E-01  0.3333359E+01
  0.7435000E-01  0.3332745E+01
  0.7440000E-01  0.3332126E+01
  0.7445000E-01  0.3331502E+01
  0.7450000E-01  0.3330874E+01
  0.7455000E-01  0.3330241E+01
  0.7460000E-01  0.3329604E+01
  0.7465000E-01  0.3328965E+01
  0.7470000E-01  0.3328323E+01
  0.7475000E-01  0.3327681E+01
  0.7480000E-01  0.3327037E+01
  0.7485000E-01  0.3326393E+01
  0.7490000E-01  0.3325747E+01
  0.7495000E-01  0.3325099E+01
  0.7500000E-01  0.3324450E+01
  0.7505000E-01  0.3323798E+01
  0.7510000E-01  0.3323145E+01
  0.7515000E-01  0.3322490E+01
  0.7520000E-01  0.3321833E+01
  0.7525000E-01  0.3321175E+01
  0.7530000E-01  0.3320517E+01
  0.7535000E-01  0.3319858E+01
  0.7540000E-01  0.3319197E+01
  0.7545000E-01  0.3318536E+01
  0.7550000E-01  0.3317873E+01
  0.7555000E-01  0.3317209E+01
  0.7560000E-01  0.3316543E+01
  0.7565000E-01  0.3315877E+01
  0.7570000E-01  0.3315211E+01
  0.7575000E-01  0.3314544E+01
  0.7580000E-01  0.3313878E+01
  0.7585000E-01  0.3313212E+01
  0.7590000E-01  0.3312546E+01
  0.7595000E-01  0.3311881E+01
  0.7600000E-01  0.3311217E+01
  0.7605000E-01  0.3310552E+01
  0.7610000E-01  0.3309887E+01
  0.7615000E-01  0.3309221E+01
  0.7620000E-01  0.3308555E+01
  0.7625000E-01  0.3307889E+01
  0.7630000E-01  0.3307223E+01
  0.7635000E-01  0.3306557E+01
  0.7640000E-01  0.3305892E+01
  0.7645000E-01  0.3305227E+01
  0.7650000E-01  0.3304561E+01
  0.7655000E-01  0.3303896E+01
  0.7660000E-01  0.3303232E+01
  0.7665000E-01  0.3302568E+01
  0.7670000E-01  0.3301906E+01
  0.7675000E-01  0.3301243E+01
  0.7680000E-01  0.3300580E+01
  0.7685000E-01  0.3299917E+01
  0.7690000E-01  0.3299252E+01
  0.7695000E-01  0.3298585E+01
  0.7700000E-01  0.3297916E+01
  0.7705000E-01  0.3297244E+01
  0.7710000E-01  0.3296570E+01
  0.7715000E-01  0.3295892E+01
  0.7720000E-01  0.3295211E+01
  0.7725000E-01  0.3294527E+01
  0.7730000E-01  0.3293839E+01
  0.7735000E-01  0.3293148E+01
  0.7740000E-01  0.3292452E+01
  0.7745000E-01  0.3291751E+01
  0.7750000E-01  0.3291045E+01
  0.7755000E-01  0.3290333E+01
  0.7760000E-01  0.3289616E+01
  0.7765000E-01  0.3288892E+01
  0.7770000E-01  0.3288162E+01
  0.7775000E-01  0.3287428E+01
  0.7780000E-01  0.3286688E+01
  0.7785000E-01  0.3285945E+01
  0.7790000E-01  0.3285199E+01
  0.7795000E-01  0.3284450E+01
  0.7800000E-01  0.3283698E+01
  0.7805000E-01  0.3282943E+01
  0.7810000E-01  0.3282186E+01
  0.7815000E-01  0.3281427E+01
  0.7820000E-01  0.3280664E+01
  0.7825000E-01  0.3279899E+01
  0.7830000E-01  0.3279131E+01
  0.7835000E-01  0.3278362E+01
  0.7840000E-01  0.3277592E+01
  0.7845000E-01  0.3276822E+01
  0.7850000E-01  0.3276051E+01
  0.7855000E-01  0.3275279E+01
  0.7860000E-01  0.3274505E+01
  0.7865000E-01  0.3273730E+01
  0.7870000E-01  0.3272952E+01
  0.7875000E-01  0.3272172E+01
  0.7880000E-01  0.3271388E+01
  0.7885000E-01  0.3270602E+01
  0.7890000E-01  0.3269812E+01
  0.7895000E-01  0.3269021E+01
  0.7900000E-01  0.3268229E+01
  0.7905000E-01  0.3267435E+01
  0.7910000E-01  0.3266640E+01
  0.7915000E-01  0.3265845E+01
  0.7920000E-01  0.3265047E+01
  0.7925000E-01  0.3264247E+01
  0.7930000E-01  0.3263445E+01
  0.7935000E-01  0.3262642E+01
  0.7940000E-01  0.3261836E+01
  0.7945000E-01  0.3261028E+01
  0.7950000E-01  0.3260218E+01
  0.7955000E-01  0.3259407E+01
  0.7960000E-01  0.3258595E+01
  0.7965000E-01  0.3257782E+01
  0.7970000E-01  0.3256967E+01
  0.7975000E-01  0.3256152E+01
  0.7980000E-01  0.3255334E+01
  0.7985000E-01  0.3254514E+01
  0.7990000E-01  0.3253693E+01
  0.7995000E-01  0.3252871E+01
  0.8000000E-01  0.3252048E+01
  0.8005000E-01  0.3251223E+01
  0.8010000E-01  0.3250399E+01
  0.8015000E-01  0.3249573E+01
  0.8020000E-01  0.3248746E+01
  0.8025000E-01  0.3247918E+01
  0.8030000E-01  0.3247090E+01
  0.8035000E-01  0.3246261E+01
  0.8040000E-01  0.3245431E+01
  0.8045000E-01  0.3244600E+01
  0.8050000E-01  0.3243768E+01
  0.8055000E-01  0.3242935E+01
  0.8060000E-01  0.3242101E+01
  0.8065000E-01  0.3241266E+01
  0.8070000E-01  0.3240427E+01
  0.8075000E-01  0.3239586E+01
  0.8080000E-01  0.3238742E+01
  0.8085000E-01  0.3237894E+01
  0.8090000E-01  0.3237042E+01
  0.8095000E-01  0.3236187E+01
  0.8100000E-01  0.3235327E+01
  0.8105000E-01  0.3234464E+01
  0.8110000E-01  0.3233597E+01
  0.8115000E-01  0.3232726E+01
  0.8120000E-01  0.3231851E+01
  0.8125000E-01  0.3230973E+01
  0.8130000E-01  0.3230093E+01
  0.8135000E-01  0.3229211E+01
  0.8140000E-01  0.3228326E+01
  0.8145000E-01  0.3227438E+01
  0.8150000E-01  0.3226547E+01
  0.8155000E-01  0.3225652E+01
  0.8160000E-01  0.3224751E+01
  0.8165000E-01  0.3223844E+01
  0.8170000E-01  0.3222931E+01
  0.8175000E-01  0.3222009E+01
  0.8180000E-01  0.3221079E+01
  0.8185000E-01  0.3220140E+01
  0.8190000E-01  0.3219193E+01
  0.8195000E-01  0.3218238E+01
  0.8200000E-01  0.3217275E+01
  0.8205000E-01  0.3216305E+01
  0.8210000E-01  0.3215327E+01
  0.8215000E-01  0.3214343E+01
  0.8220000E-01  0.3213353E+01
  0.8225000E-01  0.3212357E+01
  0.8230000E-01  0.3211356E+01
  0.8235000E-01  0.3210351E+01
  0.8240000E-01  0.3209341E+01
  0.8245000E-01  0.3208327E+01
  0.8250000E-01  0.3207308E+01
  0.8255000E-01  0.3206285E+01
  0.8260000E-01  0.3205256E+01
  0.8265000E-01  0.3204222E+01
  0.8270000E-01  0.3203182E+01
  0.8275000E-01  0.3202135E+01
  0.8280000E-01  0.3201083E+01
  0.8285000E-01  0.3200026E+01
  0.8290000E-01  0.3198964E+01
  0.8295000E-01  0.3197898E+01
  0.8300000E-01  0.3196828E+01
  0.8305000E-01  0.3195755E+01
  0.8310000E-01  0.3194678E+01
  0.8315000E-01  0.3193599E+01
  0.8320000E-01  0.3192518E+01
  0.8325000E-01  0.3191434E+01
  0.8330000E-01  0.3190349E+01
  0.8335000E-01  0.3189262E+01
  0.8340000E-01  0.3188171E+01
  0.8345000E-01  0.3187078E+01
  0.8350000E-01  0.3185981E+01
  0.8355000E-01  0.3184882E+01
  0.8360000E-01  0.3183780E+01
  0.8365000E-01  0.3182675E+01
  0.8370000E-01  0.3181567E+01
  0.8375000E-01  0.3180455E+01
  0.8380000E-01  0.3179341E+01
  0.8385000E-01  0.3178225E+01
  0.8390000E-01  0.3177107E+01
  0.8395000E-01  0.3175988E+01
  0.8400000E-01  0.3174868E+01
  0.8405000E-01  0.3173746E+01
  0.8410000E-01  0.3172623E+01
  0.8415000E-01  0.3171499E+01
  0.8420000E-01  0.3170372E+01
  0.8425000E-01  0.3169243E+01
  0.8430000E-01  0.3168110E+01
  0.8435000E-01  0.3166972E+01
  0.8440000E-01  0.3165829E+01
  0.8445000E-01  0.3164679E+01
  0.8450000E-01  0.3163524E+01
  0.8455000E-01  0.3162362E+01
  0.8460000E-01  0.3161194E+01
  0.8465000E-01  0.3160020E+01
  0.8470000E-01  0.3158840E+01
  0.8475000E-01  0.3157655E+01
  0.8480000E-01  0.3156464E+01
  0.8485000E-01  0.3155269E+01
  0.8490000E-01  0.3154069E+01
  0.8495000E-01  0.3152864E+01
  0.8500000E-01  0.3151653E+01
  0.8505000E-01  0.3150436E+01
  0.8510000E-01  0.3149212E+01
  0.8515000E-01  0.3147982E+01
  0.8520000E-01  0.3146745E+01
  0.8525000E-01  0.3145501E+01
  0.8530000E-01  0.3144249E+01
  0.8535000E-01  0.3142990E+01
  0.8540000E-01  0.3141723E+01
  0.8545000E-01  0.3140451E+01
  0.8550000E-01  0.3139172E+01
  0.8555000E-01  0.3137889E+01
  0.8560000E-01  0.3136602E+01
  0.8565000E-01  0.3135312E+01
  0.8570000E-01  0.3134019E+01
  0.8575000E-01  0.3132723E+01
  0.8580000E-01  0.3131425E+01
  0.8585000E-01  0.3130123E+01
  0.8590000E-01  0.3128818E+01
  0.8595000E-01  0.3127510E+01
  0.8600000E-01  0.3126200E+01
  0.8605000E-01  0.3124888E+01
  0.8610000E-01  0.3123574E+01
  0.8615000E-01  0.3122258E+01
  0.8620000E-01  0.3120940E+01
  0.8625000E-01  0.3119618E+01
  0.8630000E-01  0.3118293E+01
  0.8635000E-01  0.3116964E+01
  0.8640000E-01  0.3115633E+01
  0.8645000E-01  0.3114300E+01
  0.8650000E-01  0.3112966E+01
  0.8655000E-01  0.3111631E+01
  0.8660000E-01  0.3110294E+01
  0.8665000E-01  0.3108956E+01
  0.8670000E-01  0.3107616E+01
  0.8675000E-01  0.3106273E+01
  0.8680000E-01  0.3104927E+01
  0.8685000E-01  0.3103576E+01
  0.8690000E-01  0.3102221E+01
  0.8695000E-01  0.3100860E+01
  0.8700000E-01  0.3099492E+01
  0.8705000E-01  0.3098116E+01
  0.8710000E-01  0.3096730E+01
  0.8715000E-01  0.3095335E+01
  0.8720000E-01  0.3093930E+01
  0.8725000E-01  0.3092516E+01
  0.8730000E-01  0.3091094E+01
  0.8735000E-01  0.3089663E+01
  0.8740000E-01  0.3088223E+01
  0.8745000E-01  0.3086773E+01
  0.8750000E-01  0.3085313E+01
  0.8755000E-01  0.3083843E+01
  0.8760000E-01  0.3082362E+01
  0.8765000E-01  0.3080872E+01
  0.8770000E-01  0.3079373E+01
  0.8775000E-01  0.3077864E+01
  0.8780000E-01  0.3076344E+01
  0.8785000E-01  0.3074812E+01
  0.8790000E-01  0.3073269E+01
  0.8795000E-01  0.3071715E+01
  0.8800000E-01  0.3070150E+01
  0.8805000E-01  0.3068576E+01
  0.8810000E-01  0.3066992E+01
  0.8815000E-01  0.3065399E+01
  0.8820000E-01  0.3063795E+01
  0.8825000E-01  0.3062181E+01
  0.8830000E-01  0.3060557E+01
  0.8835000E-01  0.3058923E+01
  0.8840000E-01  0.3057279E+01
  0.8845000E-01  0.3055624E+01
  0.8850000E-01  0.3053961E+01
  0.8855000E-01  0.3052289E+01
  0.8860000E-01  0.3050609E+01
  0.8865000E-01  0.3048921E+01
  0.8870000E-01  0.3047226E+01
  0.8875000E-01  0.3045524E+01
  0.8880000E-01  0.3043814E+01
  0.8885000E-01  0.3042095E+01
  0.8890000E-01  0.3040367E+01
  0.8895000E-01  0.3038628E+01
  0.8900000E-01  0.3036880E+01
  0.8905000E-01  0.3035121E+01
  0.8910000E-01  0.3033352E+01
  0.8915000E-01  0.3031572E+01
  0.8920000E-01  0.3029784E+01
  0.8925000E-01  0.3027988E+01
  0.8930000E-01  0.3026183E+01
  0.8935000E-01  0.3024368E+01
  0.8940000E-01  0.3022544E+01
  0.8945000E-01  0.3020710E+01
  0.8950000E-01  0.3018867E+01
  0.8955000E-01  0.3017014E+01
  0.8960000E-01  0.3015152E+01
  0.8965000E-01  0.3013278E+01
  0.8970000E-01  0.3011395E+01
  0.8975000E-01  0.3009500E+01
  0.8980000E-01  0.3007595E+01
  0.8985000E-01  0.3005679E+01
  0.8990000E-01  0.3003752E+01
  0.8995000E-01  0.3001812E+01
  0.9000000E-01  0.2999861E+01
  0.9005000E-01  0.2997896E+01
  0.9010000E-01  0.2995916E+01
  0.9015000E-01  0.2993920E+01
  0.9020000E-01  0.2991907E+01
  0.9025000E-01  0.2989876E+01
  0.9030000E-01  0.2987826E+01
  0.9035000E-01  0.2985757E+01
  0.9040000E-01  0.2983669E+01
  0.9045000E-01  0.2981564E+01
  0.9050000E-01  0.2979443E+01
  0.9055000E-01  0.2977306E+01
  0.9060000E-01  0.2975153E+01
  0.9065000E-01  0.2972986E+01
  0.9070000E-01  0.2970804E+01
  0.9075000E-01  0.2968609E+01
  0.9080000E-01  0.2966402E+01
  0.9085000E-01  0.2964182E+01
  0.9090000E-01  0.2961951E+01
  0.9095000E-01  0.2959711E+01
  0.9100000E-01  0.2957462E+01
  0.9105000E-01  0.2955204E+01
  0.9110000E-01  0.2952935E+01
  0.9115000E-01  0.2950654E+01
  0.9120000E-01  0.2948358E+01
  0.9125000E-01  0.2946046E+01
  0.9130000E-01  0.2943718E+01
  0.9135000E-01  0.2941374E+01
  0.9140000E-01  0.2939013E+01
  0.9145000E-01  0.2936634E+01
  0.9150000E-01  0.2934237E+01
  0.9155000E-01  0.2931821E+01
  0.9160000E-01  0.2929390E+01
  0.9165000E-01  0.2926943E+01
  0.9170000E-01  0.2924482E+01
  0.9175000E-01  0.2922008E+01
  0.9180000E-01  0.2919518E+01
  0.9185000E-01  0.2917013E+01
  0.9190000E-01  0.2914491E+01
  0.9195000E-01  0.2911952E+01
  0.9200000E-01  0.2909395E+01
  0.9205000E-01  0.2906821E+01
  0.9210000E-01  0.2904230E+01
  0.9215000E-01  0.2901623E+01
  0.9220000E-01  0.2898999E+01
  0.9225000E-01  0.2896359E+01
  0.9230000E-01  0.2893705E+01
  0.9235000E-01  0.2891036E+01
  0.9240000E-01  0.2888351E+01
  0.9245000E-01  0.2885653E+01
  0.9250000E-01  0.2882943E+01
  0.9255000E-01  0.2880220E+01
  0.9260000E-01  0.2877485E+01
  0.9265000E-01  0.2874736E+01
  0.9270000E-01  0.2871972E+01
  0.9275000E-01  0.2869193E+01
  0.9280000E-01  0.2866395E+01
  0.9285000E-01  0.2863579E+01
  0.9290000E-01  0.2860745E+01
  0.9295000E-01  0.2857893E+01
  0.9300000E-01  0.2855024E+01
  0.9305000E-01  0.2852138E+01
  0.9310000E-01  0.2849232E+01
  0.9315000E-01  0.2846304E+01
  0.9320000E-01  0.2843353E+01
  0.9325000E-01  0.2840377E+01
  0.9330000E-01  0.2837377E+01
  0.9335000E-01  0.2834351E+01
  0.9340000E-01  0.2831300E+01
  0.9345000E-01  0.2828223E+01
  0.9350000E-01  0.2825120E+01
  0.9355000E-01  0.2821989E+01
  0.9360000E-01  0.2818831E+01
  0.9365000E-01  0.2815643E+01
  0.9370000E-01  0.2812423E+01
  0.9375000E-01  0.2809167E+01
  0.9380000E-01  0.2805875E+01
  0.9385000E-01  0.2802543E+01
  0.9390000E-01  0.2799171E+01
  0.9395000E-01  0.2795759E+01
  0.9400000E-01  0.2792305E+01
  0.9405000E-01  0.2788809E+01
  0.9410000E-01  0.2785267E+01
  0.9415000E-01  0.2781678E+01
  0.9420000E-01  0.2778041E+01
  0.9425000E-01  0.2774355E+01
  0.9430000E-01  0.2770620E+01
  0.9435000E-01  0.2766833E+01
  0.9440000E-01  0.2762992E+01
  0.9445000E-01  0.2759097E+01
  0.9450000E-01  0.2755145E+01
  0.9455000E-01  0.2751138E+01
  0.9460000E-01  0.2747073E+01
  0.9465000E-01  0.2742950E+01
  0.9470000E-01  0.2738769E+01
  0.9475000E-01  0.2734531E+01
  0.9480000E-01  0.2730237E+01
  0.9485000E-01  0.2725887E+01
  0.9490000E-01  0.2721483E+01
  0.9495000E-01  0.2717025E+01
  0.9500000E-01  0.2712514E+01
  0.9505000E-01  0.2707949E+01
  0.9510000E-01  0.2703331E+01
  0.9515000E-01  0.2698658E+01
  0.9520000E-01  0.2693929E+01
  0.9525000E-01  0.2689140E+01
  0.9530000E-01  0.2684290E+01
  0.9535000E-01  0.2679377E+01
  0.9540000E-01  0.2674400E+01
  0.9545000E-01  0.2669356E+01
  0.9550000E-01  0.2664243E+01
  0.9555000E-01  0.2659057E+01
  0.9560000E-01  0.2653793E+01
  0.9565000E-01  0.2648446E+01
  0.9570000E-01  0.2643014E+01
  0.9575000E-01  0.2637494E+01
  0.9580000E-01  0.2631886E+01
  0.9585000E-01  0.2626191E+01
  0.9590000E-01  0.2620411E+01
  0.9595000E-01  0.2614546E+01
  0.9600000E-01  0.2608597E+01
  0.9605000E-01  0.2602564E+01
  0.9610000E-01  0.2596445E+01
  0.9615000E-01  0.2590239E+01
  0.9620000E-01  0.2583943E+01
  0.9625000E-01  0.2577555E+01
  0.9630000E-01  0.2571074E+01
  0.9635000E-01  0.2564501E+01
  0.9640000E-01  0.2557838E+01
  0.9645000E-01  0.2551084E+01
  0.9650000E-01  0.2544238E+01
  0.9655000E-01  0.2537299E+01
  0.9660000E-01  0.2530263E+01
  0.9665000E-01  0.2523128E+01
  0.9670000E-01  0.2515897E+01
  0.9675000E-01  0.2508572E+01
  0.9680000E-01  0.2501154E+01
  0.9685000E-01  0.2493644E+01
  0.9690000E-01  0.2486042E+01
  0.9695000E-01  0.2478349E+01
  0.9700000E-01  0.2470564E+01
  0.9705000E-01  0.2462685E+01
  0.9710000E-01  0.2454709E+01
  0.9715000E-01  0.2446632E+01
  0.9720000E-01  0.2438450E+01
  0.9725000E-01  0.2430159E+01
  0.9730000E-01  0.2421753E+01
  0.9735000E-01  0.2413226E+01
  0.9740000E-01  0.2404572E+01
  0.9745000E-01  0.2395782E+01
  0.9750000E-01  0.2386845E+01
  0.9755000E-01  0.2377745E+01
  0.9760000E-01  0.2368465E+01
  0.9765000E-01  0.2358987E+01
  0.9770000E-01  0.2349282E+01
  0.9775000E-01  0.2339321E+01
  0.9780000E-01  0.2329067E+01
  0.9785000E-01  0.2318476E+01
  0.9790000E-01  0.2307494E+01
  0.9795000E-01  0.2296063E+01
  0.9800000E-01  0.2284110E+01
  0.9805000E-01  0.2271553E+01
  0.9810000E-01  0.2258297E+01
  0.9815000E-01  0.2244237E+01
  0.9820000E-01  0.2229254E+01
  0.9825000E-01  0.2213217E+01
  0.9830000E-01  0.2195979E+01
  0.9835000E-01  0.2177382E+01
  0.9840000E-01  0.2157258E+01
  0.9845000E-01  0.2135432E+01
  0.9850000E-01  0.2111718E+01
  0.9855000E-01  0.2085932E+01
  0.9860000E-01  0.2057889E+01
  0.9865000E-01  0.2027406E+01
  0.9870000E-01  0.1994304E+01
  0.9875000E-01  0.1958411E+01
  0.9880000E-01  0.1919565E+01
  0.9885000E-01  0.1877608E+01
  0.9890000E-01  0.1832397E+01
  0.9895000E-01  0.1783798E+01
  0.9900000E-01  0.1731688E+01
  0.9905000E-01  0.1675960E+01
  0.9910000E-01  0.1616522E+01
  0.9915000E-01  0.1553297E+01
  0.9920000E-01  0.1486233E+01
  0.9925000E-01  0.1415303E+01
  0.9930000E-01  0.1340511E+01
  0.9935000E-01  0.1261904E+01
  0.9940000E-01  0.1179572E+01
  0.9945000E-01  0.1093661E+01
  0.9950000E-01  0.1004370E+01
  0.9955000E-01  0.9119574E+00
  0.9960000E-01  0.8167351E+00
  0.9965000E-01  0.7190665E+00
  0.9970000E-01  0.6193519E+00
  0.9975000E-01  0.5180124E+00
  0.9980000E-01  0.4154681E+00
  0.9985000E-01  0.3121085E+00
  0.9990000E-01  0.2082659E+00
  0.9995000E-01  0.1041851E+00
  0.1000000E+00  0.0000000E+00
